Electoral District Number/Numéro de circonscription,Electoral District Name_English/Nom de circonscription_Anglais,Electoral District Name_French/Nom de circonscription_Français,Polling Division Number/Numéro de section de vote,Polling Division Name/Nom de section de vote,Void Poll Indicator/Indicateur de bureau supprimé,No Poll Held Indicator/Indicateur de bureau sans scrutin,Combined with No./Résultats combinés à ceux du n°,Rejected Ballots for poll/Bulletins rejetés du bureau,Electors for poll/Électeurs du bureau,Candidate’s Family Name/Nom de famille du candidat,Candidate’s Middle Name/Second prénom du candidat,Candidate’s First Name/Prénom du candidat,Political Affiliation Name_English/Appartenance politique_Anglais,Political Affiliation Name_French/Appartenance politique_Français,Incumbent Indicator/Indicateur_Candidat sortant,Elected Candidate Indicator/Indicateur du candidat élu,Candidate Vote Count/Votes du candidat
24033,"Lac-Saint-Jean","Lac-Saint-Jean"," 1","Saint-Thomas-Didyme",N,N,"",1,376,"Blackburn","","Dave","Conservative","Conservateur",N,N,55
24033,"Lac-Saint-Jean","Lac-Saint-Jean"," 1","Saint-Thomas-Didyme",N,N,"",1,376,"Boily-Maltais","","Hugues","NDP-New Democratic Party","NPD-Nouveau Parti démocratique",N,N,6
24033,"Lac-Saint-Jean","Lac-Saint-Jean"," 1","Saint-Thomas-Didyme",N,N,"",1,376,"Bouchard","","Lorie","People's Party - PPC","Parti populaire - PPC",N,N,3
24033,"Lac-Saint-Jean","Lac-Saint-Jean"," 1","Saint-Thomas-Didyme",N,N,"",1,376,"Brunelle-Duceppe","","Alexis","Bloc Québécois","Bloc Québécois",Y,Y,97
24033,"Lac-Saint-Jean","Lac-Saint-Jean"," 1","Saint-Thomas-Didyme",N,N,"",1,376,"Lemieux","","Denis","Liberal","Libéral",N,N,59
24033,"Lac-Saint-Jean","Lac-Saint-Jean"," 2","Saint-Thomas-Didyme",N,N,"",3,268,"Blackburn","","Dave","Conservative","Conservateur",N,N,37
24033,"Lac-Saint-Jean","Lac-Saint-Jean"," 2","Saint-Thomas-Didyme",N,N,"",3,268,"Boily-Maltais","","Hugues","NDP-New Democratic Party","NPD-Nouveau Parti démocratique",N,N,2
24033,"Lac-Saint-Jean","Lac-Saint-Jean"," 2","Saint-Thomas-Didyme",N,N,"",3,268,"Bouchard","","Lorie","People's Party - PPC","Parti populaire - PPC",N,N,4
24033,"Lac-Saint-Jean","Lac-Saint-Jean"," 2","Saint-Thomas-Didyme",N,N,"",3,268,"Brunelle-Duceppe","","Alexis","Bloc Québécois","Bloc Québécois",Y,Y,73
24033,"Lac-Saint-Jean","Lac-Saint-Jean"," 2","Saint-Thomas-Didyme",N,N,"",3,268,"Lemieux","","Denis","Liberal","Libéral",N,N,29
24033,"Lac-Saint-Jean","Lac-Saint-Jean"," 3","Notre-Dame-de-Lorette",N,N,"",4,144,"Blackburn","","Dave","Conservative","Conservateur",N,N,20
24033,"Lac-Saint-Jean","Lac-Saint-Jean"," 3","Notre-Dame-de-Lorette",N,N,"",4,144,"Boily-Maltais","","Hugues","NDP-New Democratic Party","NPD-Nouveau Parti démocratique",N,N,0
24033,"Lac-Saint-Jean","Lac-Saint-Jean"," 3","Notre-Dame-de-Lorette",N,N,"",4,144,"Bouchard","","Lorie","People's Party - PPC","Parti populaire - PPC",N,N,3
24033,"Lac-Saint-Jean","Lac-Saint-Jean"," 3","Notre-Dame-de-Lorette",N,N,"",4,144,"Brunelle-Duceppe","","Alexis","Bloc Québécois","Bloc Québécois",Y,Y,30
24033,"Lac-Saint-Jean","Lac-Saint-Jean"," 3","Notre-Dame-de-Lorette",N,N,"",4,144,"Lemieux","","Denis","Liberal","Libéral",N,N,17
24033,"Lac-Saint-Jean","Lac-Saint-Jean"," 4","Girardville",N,N,"",0,267,"Blackburn","","Dave","Conservative","Conservateur",N,N,50
24033,"Lac-Saint-Jean","Lac-Saint-Jean"," 4","Girardville",N,N,"",0,267,"Boily-Maltais","","Hugues","NDP-New Democratic Party","NPD-Nouveau Parti démocratique",N,N,3
24033,"Lac-Saint-Jean","Lac-Saint-Jean"," 4","Girardville",N,N,"",0,267,"Bouchard","","Lorie","People's Party - PPC","Parti populaire - PPC",N,N,2
24033,"Lac-Saint-Jean","Lac-Saint-Jean"," 4","Girardville",N,N,"",0,267,"Brunelle-Duceppe","","Alexis","Bloc Québécois","Bloc Québécois",Y,Y,42
24033,"Lac-Saint-Jean","Lac-Saint-Jean"," 4","Girardville",N,N,"",0,267,"Lemieux","","Denis","Liberal","Libéral",N,N,32
24033,"Lac-Saint-Jean","Lac-Saint-Jean"," 5","Girardville",N,N,"",1,269,"Blackburn","","Dave","Conservative","Conservateur",N,N,64
24033,"Lac-Saint-Jean","Lac-Saint-Jean"," 5","Girardville",N,N,"",1,269,"Boily-Maltais","","Hugues","NDP-New Democratic Party","NPD-Nouveau Parti démocratique",N,N,4
24033,"Lac-Saint-Jean","Lac-Saint-Jean"," 5","Girardville",N,N,"",1,269,"Bouchard","","Lorie","People's Party - PPC","Parti populaire - PPC",N,N,1
24033,"Lac-Saint-Jean","Lac-Saint-Jean"," 5","Girardville",N,N,"",1,269,"Brunelle-Duceppe","","Alexis","Bloc Québécois","Bloc Québécois",Y,Y,54
24033,"Lac-Saint-Jean","Lac-Saint-Jean"," 5","Girardville",N,N,"",1,269,"Lemieux","","Denis","Liberal","Libéral",N,N,40
24033,"Lac-Saint-Jean","Lac-Saint-Jean"," 6","Girardville",N,N,"",1,318,"Blackburn","","Dave","Conservative","Conservateur",N,N,60
24033,"Lac-Saint-Jean","Lac-Saint-Jean"," 6","Girardville",N,N,"",1,318,"Boily-Maltais","","Hugues","NDP-New Democratic Party","NPD-Nouveau Parti démocratique",N,N,1
24033,"Lac-Saint-Jean","Lac-Saint-Jean"," 6","Girardville",N,N,"",1,318,"Bouchard","","Lorie","People's Party - PPC","Parti populaire - PPC",N,N,1
24033,"Lac-Saint-Jean","Lac-Saint-Jean"," 6","Girardville",N,N,"",1,318,"Brunelle-Duceppe","","Alexis","Bloc Québécois","Bloc Québécois",Y,Y,56
24033,"Lac-Saint-Jean","Lac-Saint-Jean"," 6","Girardville",N,N,"",1,318,"Lemieux","","Denis","Liberal","Libéral",N,N,65
24033,"Lac-Saint-Jean","Lac-Saint-Jean"," 7","Dolbeau-Mistassini",N,N,"",1,419,"Blackburn","","Dave","Conservative","Conservateur",N,N,48
24033,"Lac-Saint-Jean","Lac-Saint-Jean"," 7","Dolbeau-Mistassini",N,N,"",1,419,"Boily-Maltais","","Hugues","NDP-New Democratic Party","NPD-Nouveau Parti démocratique",N,N,5
24033,"Lac-Saint-Jean","Lac-Saint-Jean"," 7","Dolbeau-Mistassini",N,N,"",1,419,"Bouchard","","Lorie","People's Party - PPC","Parti populaire - PPC",N,N,3
24033,"Lac-Saint-Jean","Lac-Saint-Jean"," 7","Dolbeau-Mistassini",N,N,"",1,419,"Brunelle-Duceppe","","Alexis","Bloc Québécois","Bloc Québécois",Y,Y,82
24033,"Lac-Saint-Jean","Lac-Saint-Jean"," 7","Dolbeau-Mistassini",N,N,"",1,419,"Lemieux","","Denis","Liberal","Libéral",N,N,33
24033,"Lac-Saint-Jean","Lac-Saint-Jean"," 8","Dolbeau-Mistassini",N,N,"",4,405,"Blackburn","","Dave","Conservative","Conservateur",N,N,43
24033,"Lac-Saint-Jean","Lac-Saint-Jean"," 8","Dolbeau-Mistassini",N,N,"",4,405,"Boily-Maltais","","Hugues","NDP-New Democratic Party","NPD-Nouveau Parti démocratique",N,N,5
24033,"Lac-Saint-Jean","Lac-Saint-Jean"," 8","Dolbeau-Mistassini",N,N,"",4,405,"Bouchard","","Lorie","People's Party - PPC","Parti populaire - PPC",N,N,3
24033,"Lac-Saint-Jean","Lac-Saint-Jean"," 8","Dolbeau-Mistassini",N,N,"",4,405,"Brunelle-Duceppe","","Alexis","Bloc Québécois","Bloc Québécois",Y,Y,71
24033,"Lac-Saint-Jean","Lac-Saint-Jean"," 8","Dolbeau-Mistassini",N,N,"",4,405,"Lemieux","","Denis","Liberal","Libéral",N,N,27
24033,"Lac-Saint-Jean","Lac-Saint-Jean"," 9","Dolbeau-Mistassini",N,N,"",1,353,"Blackburn","","Dave","Conservative","Conservateur",N,N,22
24033,"Lac-Saint-Jean","Lac-Saint-Jean"," 9","Dolbeau-Mistassini",N,N,"",1,353,"Boily-Maltais","","Hugues","NDP-New Democratic Party","NPD-Nouveau Parti démocratique",N,N,4
24033,"Lac-Saint-Jean","Lac-Saint-Jean"," 9","Dolbeau-Mistassini",N,N,"",1,353,"Bouchard","","Lorie","People's Party - PPC","Parti populaire - PPC",N,N,0
24033,"Lac-Saint-Jean","Lac-Saint-Jean"," 9","Dolbeau-Mistassini",N,N,"",1,353,"Brunelle-Duceppe","","Alexis","Bloc Québécois","Bloc Québécois",Y,Y,43
24033,"Lac-Saint-Jean","Lac-Saint-Jean"," 9","Dolbeau-Mistassini",N,N,"",1,353,"Lemieux","","Denis","Liberal","Libéral",N,N,37
24033,"Lac-Saint-Jean","Lac-Saint-Jean"," 10","Dolbeau-Mistassini",N,N,"",1,340,"Blackburn","","Dave","Conservative","Conservateur",N,N,31
24033,"Lac-Saint-Jean","Lac-Saint-Jean"," 10","Dolbeau-Mistassini",N,N,"",1,340,"Boily-Maltais","","Hugues","NDP-New Democratic Party","NPD-Nouveau Parti démocratique",N,N,2
24033,"Lac-Saint-Jean","Lac-Saint-Jean"," 10","Dolbeau-Mistassini",N,N,"",1,340,"Bouchard","","Lorie","People's Party - PPC","Parti populaire - PPC",N,N,3
24033,"Lac-Saint-Jean","Lac-Saint-Jean"," 10","Dolbeau-Mistassini",N,N,"",1,340,"Brunelle-Duceppe","","Alexis","Bloc Québécois","Bloc Québécois",Y,Y,47
24033,"Lac-Saint-Jean","Lac-Saint-Jean"," 10","Dolbeau-Mistassini",N,N,"",1,340,"Lemieux","","Denis","Liberal","Libéral",N,N,20
24033,"Lac-Saint-Jean","Lac-Saint-Jean"," 11","Dolbeau-Mistassini",N,N,"",3,379,"Blackburn","","Dave","Conservative","Conservateur",N,N,48
24033,"Lac-Saint-Jean","Lac-Saint-Jean"," 11","Dolbeau-Mistassini",N,N,"",3,379,"Boily-Maltais","","Hugues","NDP-New Democratic Party","NPD-Nouveau Parti démocratique",N,N,3
24033,"Lac-Saint-Jean","Lac-Saint-Jean"," 11","Dolbeau-Mistassini",N,N,"",3,379,"Bouchard","","Lorie","People's Party - PPC","Parti populaire - PPC",N,N,1
24033,"Lac-Saint-Jean","Lac-Saint-Jean"," 11","Dolbeau-Mistassini",N,N,"",3,379,"Brunelle-Duceppe","","Alexis","Bloc Québécois","Bloc Québécois",Y,Y,61
24033,"Lac-Saint-Jean","Lac-Saint-Jean"," 11","Dolbeau-Mistassini",N,N,"",3,379,"Lemieux","","Denis","Liberal","Libéral",N,N,32
24033,"Lac-Saint-Jean","Lac-Saint-Jean"," 12","Dolbeau-Mistassini",N,N,"",3,343,"Blackburn","","Dave","Conservative","Conservateur",N,N,54
24033,"Lac-Saint-Jean","Lac-Saint-Jean"," 12","Dolbeau-Mistassini",N,N,"",3,343,"Boily-Maltais","","Hugues","NDP-New Democratic Party","NPD-Nouveau Parti démocratique",N,N,2
24033,"Lac-Saint-Jean","Lac-Saint-Jean"," 12","Dolbeau-Mistassini",N,N,"",3,343,"Bouchard","","Lorie","People's Party - PPC","Parti populaire - PPC",N,N,4
24033,"Lac-Saint-Jean","Lac-Saint-Jean"," 12","Dolbeau-Mistassini",N,N,"",3,343,"Brunelle-Duceppe","","Alexis","Bloc Québécois","Bloc Québécois",Y,Y,42
24033,"Lac-Saint-Jean","Lac-Saint-Jean"," 12","Dolbeau-Mistassini",N,N,"",3,343,"Lemieux","","Denis","Liberal","Libéral",N,N,34
24033,"Lac-Saint-Jean","Lac-Saint-Jean"," 13","Dolbeau-Mistassini",N,N,"",1,446,"Blackburn","","Dave","Conservative","Conservateur",N,N,55
24033,"Lac-Saint-Jean","Lac-Saint-Jean"," 13","Dolbeau-Mistassini",N,N,"",1,446,"Boily-Maltais","","Hugues","NDP-New Democratic Party","NPD-Nouveau Parti démocratique",N,N,4
24033,"Lac-Saint-Jean","Lac-Saint-Jean"," 13","Dolbeau-Mistassini",N,N,"",1,446,"Bouchard","","Lorie","People's Party - PPC","Parti populaire - PPC",N,N,2
24033,"Lac-Saint-Jean","Lac-Saint-Jean"," 13","Dolbeau-Mistassini",N,N,"",1,446,"Brunelle-Duceppe","","Alexis","Bloc Québécois","Bloc Québécois",Y,Y,57
24033,"Lac-Saint-Jean","Lac-Saint-Jean"," 13","Dolbeau-Mistassini",N,N,"",1,446,"Lemieux","","Denis","Liberal","Libéral",N,N,29
24033,"Lac-Saint-Jean","Lac-Saint-Jean"," 14","Dolbeau-Mistassini",N,N,"",3,365,"Blackburn","","Dave","Conservative","Conservateur",N,N,44
24033,"Lac-Saint-Jean","Lac-Saint-Jean"," 14","Dolbeau-Mistassini",N,N,"",3,365,"Boily-Maltais","","Hugues","NDP-New Democratic Party","NPD-Nouveau Parti démocratique",N,N,2
24033,"Lac-Saint-Jean","Lac-Saint-Jean"," 14","Dolbeau-Mistassini",N,N,"",3,365,"Bouchard","","Lorie","People's Party - PPC","Parti populaire - PPC",N,N,2
24033,"Lac-Saint-Jean","Lac-Saint-Jean"," 14","Dolbeau-Mistassini",N,N,"",3,365,"Brunelle-Duceppe","","Alexis","Bloc Québécois","Bloc Québécois",Y,Y,33
24033,"Lac-Saint-Jean","Lac-Saint-Jean"," 14","Dolbeau-Mistassini",N,N,"",3,365,"Lemieux","","Denis","Liberal","Libéral",N,N,24
24033,"Lac-Saint-Jean","Lac-Saint-Jean"," 15","Dolbeau-Mistassini",N,N,"",1,339,"Blackburn","","Dave","Conservative","Conservateur",N,N,41
24033,"Lac-Saint-Jean","Lac-Saint-Jean"," 15","Dolbeau-Mistassini",N,N,"",1,339,"Boily-Maltais","","Hugues","NDP-New Democratic Party","NPD-Nouveau Parti démocratique",N,N,4
24033,"Lac-Saint-Jean","Lac-Saint-Jean"," 15","Dolbeau-Mistassini",N,N,"",1,339,"Bouchard","","Lorie","People's Party - PPC","Parti populaire - PPC",N,N,2
24033,"Lac-Saint-Jean","Lac-Saint-Jean"," 15","Dolbeau-Mistassini",N,N,"",1,339,"Brunelle-Duceppe","","Alexis","Bloc Québécois","Bloc Québécois",Y,Y,40
24033,"Lac-Saint-Jean","Lac-Saint-Jean"," 15","Dolbeau-Mistassini",N,N,"",1,339,"Lemieux","","Denis","Liberal","Libéral",N,N,33
24033,"Lac-Saint-Jean","Lac-Saint-Jean"," 16","Dolbeau-Mistassini",N,N,"",7,427,"Blackburn","","Dave","Conservative","Conservateur",N,N,57
24033,"Lac-Saint-Jean","Lac-Saint-Jean"," 16","Dolbeau-Mistassini",N,N,"",7,427,"Boily-Maltais","","Hugues","NDP-New Democratic Party","NPD-Nouveau Parti démocratique",N,N,3
24033,"Lac-Saint-Jean","Lac-Saint-Jean"," 16","Dolbeau-Mistassini",N,N,"",7,427,"Bouchard","","Lorie","People's Party - PPC","Parti populaire - PPC",N,N,3
24033,"Lac-Saint-Jean","Lac-Saint-Jean"," 16","Dolbeau-Mistassini",N,N,"",7,427,"Brunelle-Duceppe","","Alexis","Bloc Québécois","Bloc Québécois",Y,Y,83
24033,"Lac-Saint-Jean","Lac-Saint-Jean"," 16","Dolbeau-Mistassini",N,N,"",7,427,"Lemieux","","Denis","Liberal","Libéral",N,N,28
24033,"Lac-Saint-Jean","Lac-Saint-Jean"," 17","Albanel",N,N,"",1,317,"Blackburn","","Dave","Conservative","Conservateur",N,N,37
24033,"Lac-Saint-Jean","Lac-Saint-Jean"," 17","Albanel",N,N,"",1,317,"Boily-Maltais","","Hugues","NDP-New Democratic Party","NPD-Nouveau Parti démocratique",N,N,1
24033,"Lac-Saint-Jean","Lac-Saint-Jean"," 17","Albanel",N,N,"",1,317,"Bouchard","","Lorie","People's Party - PPC","Parti populaire - PPC",N,N,3
24033,"Lac-Saint-Jean","Lac-Saint-Jean"," 17","Albanel",N,N,"",1,317,"Brunelle-Duceppe","","Alexis","Bloc Québécois","Bloc Québécois",Y,Y,49
24033,"Lac-Saint-Jean","Lac-Saint-Jean"," 17","Albanel",N,N,"",1,317,"Lemieux","","Denis","Liberal","Libéral",N,N,36
24033,"Lac-Saint-Jean","Lac-Saint-Jean"," 18","Albanel",N,N,"",3,395,"Blackburn","","Dave","Conservative","Conservateur",N,N,65
24033,"Lac-Saint-Jean","Lac-Saint-Jean"," 18","Albanel",N,N,"",3,395,"Boily-Maltais","","Hugues","NDP-New Democratic Party","NPD-Nouveau Parti démocratique",N,N,2
24033,"Lac-Saint-Jean","Lac-Saint-Jean"," 18","Albanel",N,N,"",3,395,"Bouchard","","Lorie","People's Party - PPC","Parti populaire - PPC",N,N,0
24033,"Lac-Saint-Jean","Lac-Saint-Jean"," 18","Albanel",N,N,"",3,395,"Brunelle-Duceppe","","Alexis","Bloc Québécois","Bloc Québécois",Y,Y,92
24033,"Lac-Saint-Jean","Lac-Saint-Jean"," 18","Albanel",N,N,"",3,395,"Lemieux","","Denis","Liberal","Libéral",N,N,39
24033,"Lac-Saint-Jean","Lac-Saint-Jean"," 19","Albanel",N,N,"",2,322,"Blackburn","","Dave","Conservative","Conservateur",N,N,54
24033,"Lac-Saint-Jean","Lac-Saint-Jean"," 19","Albanel",N,N,"",2,322,"Boily-Maltais","","Hugues","NDP-New Democratic Party","NPD-Nouveau Parti démocratique",N,N,4
24033,"Lac-Saint-Jean","Lac-Saint-Jean"," 19","Albanel",N,N,"",2,322,"Bouchard","","Lorie","People's Party - PPC","Parti populaire - PPC",N,N,6
24033,"Lac-Saint-Jean","Lac-Saint-Jean"," 19","Albanel",N,N,"",2,322,"Brunelle-Duceppe","","Alexis","Bloc Québécois","Bloc Québécois",Y,Y,52
24033,"Lac-Saint-Jean","Lac-Saint-Jean"," 19","Albanel",N,N,"",2,322,"Lemieux","","Denis","Liberal","Libéral",N,N,24
24033,"Lac-Saint-Jean","Lac-Saint-Jean"," 20","Albanel",N,N,"",8,343,"Blackburn","","Dave","Conservative","Conservateur",N,N,46
24033,"Lac-Saint-Jean","Lac-Saint-Jean"," 20","Albanel",N,N,"",8,343,"Boily-Maltais","","Hugues","NDP-New Democratic Party","NPD-Nouveau Parti démocratique",N,N,6
24033,"Lac-Saint-Jean","Lac-Saint-Jean"," 20","Albanel",N,N,"",8,343,"Bouchard","","Lorie","People's Party - PPC","Parti populaire - PPC",N,N,2
24033,"Lac-Saint-Jean","Lac-Saint-Jean"," 20","Albanel",N,N,"",8,343,"Brunelle-Duceppe","","Alexis","Bloc Québécois","Bloc Québécois",Y,Y,79
24033,"Lac-Saint-Jean","Lac-Saint-Jean"," 20","Albanel",N,N,"",8,343,"Lemieux","","Denis","Liberal","Libéral",N,N,24
24033,"Lac-Saint-Jean","Lac-Saint-Jean"," 21","Saint-Edmond",N,N,"",3,291,"Blackburn","","Dave","Conservative","Conservateur",N,N,44
24033,"Lac-Saint-Jean","Lac-Saint-Jean"," 21","Saint-Edmond",N,N,"",3,291,"Boily-Maltais","","Hugues","NDP-New Democratic Party","NPD-Nouveau Parti démocratique",N,N,3
24033,"Lac-Saint-Jean","Lac-Saint-Jean"," 21","Saint-Edmond",N,N,"",3,291,"Bouchard","","Lorie","People's Party - PPC","Parti populaire - PPC",N,N,3
24033,"Lac-Saint-Jean","Lac-Saint-Jean"," 21","Saint-Edmond",N,N,"",3,291,"Brunelle-Duceppe","","Alexis","Bloc Québécois","Bloc Québécois",Y,Y,101
24033,"Lac-Saint-Jean","Lac-Saint-Jean"," 21","Saint-Edmond",N,N,"",3,291,"Lemieux","","Denis","Liberal","Libéral",N,N,38
24033,"Lac-Saint-Jean","Lac-Saint-Jean"," 22","Dolbeau-Mistassini",N,N,"",2,385,"Blackburn","","Dave","Conservative","Conservateur",N,N,37
24033,"Lac-Saint-Jean","Lac-Saint-Jean"," 22","Dolbeau-Mistassini",N,N,"",2,385,"Boily-Maltais","","Hugues","NDP-New Democratic Party","NPD-Nouveau Parti démocratique",N,N,2
24033,"Lac-Saint-Jean","Lac-Saint-Jean"," 22","Dolbeau-Mistassini",N,N,"",2,385,"Bouchard","","Lorie","People's Party - PPC","Parti populaire - PPC",N,N,1
24033,"Lac-Saint-Jean","Lac-Saint-Jean"," 22","Dolbeau-Mistassini",N,N,"",2,385,"Brunelle-Duceppe","","Alexis","Bloc Québécois","Bloc Québécois",Y,Y,58
24033,"Lac-Saint-Jean","Lac-Saint-Jean"," 22","Dolbeau-Mistassini",N,N,"",2,385,"Lemieux","","Denis","Liberal","Libéral",N,N,46
24033,"Lac-Saint-Jean","Lac-Saint-Jean"," 23","Dolbeau-Mistassini",N,N,"",3,362,"Blackburn","","Dave","Conservative","Conservateur",N,N,38
24033,"Lac-Saint-Jean","Lac-Saint-Jean"," 23","Dolbeau-Mistassini",N,N,"",3,362,"Boily-Maltais","","Hugues","NDP-New Democratic Party","NPD-Nouveau Parti démocratique",N,N,1
24033,"Lac-Saint-Jean","Lac-Saint-Jean"," 23","Dolbeau-Mistassini",N,N,"",3,362,"Bouchard","","Lorie","People's Party - PPC","Parti populaire - PPC",N,N,0
24033,"Lac-Saint-Jean","Lac-Saint-Jean"," 23","Dolbeau-Mistassini",N,N,"",3,362,"Brunelle-Duceppe","","Alexis","Bloc Québécois","Bloc Québécois",Y,Y,58
24033,"Lac-Saint-Jean","Lac-Saint-Jean"," 23","Dolbeau-Mistassini",N,N,"",3,362,"Lemieux","","Denis","Liberal","Libéral",N,N,54
24033,"Lac-Saint-Jean","Lac-Saint-Jean"," 24","Dolbeau-Mistassini",N,N,"",0,372,"Blackburn","","Dave","Conservative","Conservateur",N,N,49
24033,"Lac-Saint-Jean","Lac-Saint-Jean"," 24","Dolbeau-Mistassini",N,N,"",0,372,"Boily-Maltais","","Hugues","NDP-New Democratic Party","NPD-Nouveau Parti démocratique",N,N,4
24033,"Lac-Saint-Jean","Lac-Saint-Jean"," 24","Dolbeau-Mistassini",N,N,"",0,372,"Bouchard","","Lorie","People's Party - PPC","Parti populaire - PPC",N,N,3
24033,"Lac-Saint-Jean","Lac-Saint-Jean"," 24","Dolbeau-Mistassini",N,N,"",0,372,"Brunelle-Duceppe","","Alexis","Bloc Québécois","Bloc Québécois",Y,Y,61
24033,"Lac-Saint-Jean","Lac-Saint-Jean"," 24","Dolbeau-Mistassini",N,N,"",0,372,"Lemieux","","Denis","Liberal","Libéral",N,N,27
24033,"Lac-Saint-Jean","Lac-Saint-Jean"," 25","Dolbeau-Mistassini",N,N,"",2,477,"Blackburn","","Dave","Conservative","Conservateur",N,N,57
24033,"Lac-Saint-Jean","Lac-Saint-Jean"," 25","Dolbeau-Mistassini",N,N,"",2,477,"Boily-Maltais","","Hugues","NDP-New Democratic Party","NPD-Nouveau Parti démocratique",N,N,4
24033,"Lac-Saint-Jean","Lac-Saint-Jean"," 25","Dolbeau-Mistassini",N,N,"",2,477,"Bouchard","","Lorie","People's Party - PPC","Parti populaire - PPC",N,N,0
24033,"Lac-Saint-Jean","Lac-Saint-Jean"," 25","Dolbeau-Mistassini",N,N,"",2,477,"Brunelle-Duceppe","","Alexis","Bloc Québécois","Bloc Québécois",Y,Y,82
24033,"Lac-Saint-Jean","Lac-Saint-Jean"," 25","Dolbeau-Mistassini",N,N,"",2,477,"Lemieux","","Denis","Liberal","Libéral",N,N,67
24033,"Lac-Saint-Jean","Lac-Saint-Jean"," 26","Alma",N,N,"",2,366,"Blackburn","","Dave","Conservative","Conservateur",N,N,57
24033,"Lac-Saint-Jean","Lac-Saint-Jean"," 26","Alma",N,N,"",2,366,"Boily-Maltais","","Hugues","NDP-New Democratic Party","NPD-Nouveau Parti démocratique",N,N,0
24033,"Lac-Saint-Jean","Lac-Saint-Jean"," 26","Alma",N,N,"",2,366,"Bouchard","","Lorie","People's Party - PPC","Parti populaire - PPC",N,N,3
24033,"Lac-Saint-Jean","Lac-Saint-Jean"," 26","Alma",N,N,"",2,366,"Brunelle-Duceppe","","Alexis","Bloc Québécois","Bloc Québécois",Y,Y,63
24033,"Lac-Saint-Jean","Lac-Saint-Jean"," 26","Alma",N,N,"",2,366,"Lemieux","","Denis","Liberal","Libéral",N,N,42
24033,"Lac-Saint-Jean","Lac-Saint-Jean"," 27","Alma",N,N,"",2,364,"Blackburn","","Dave","Conservative","Conservateur",N,N,29
24033,"Lac-Saint-Jean","Lac-Saint-Jean"," 27","Alma",N,N,"",2,364,"Boily-Maltais","","Hugues","NDP-New Democratic Party","NPD-Nouveau Parti démocratique",N,N,5
24033,"Lac-Saint-Jean","Lac-Saint-Jean"," 27","Alma",N,N,"",2,364,"Bouchard","","Lorie","People's Party - PPC","Parti populaire - PPC",N,N,1
24033,"Lac-Saint-Jean","Lac-Saint-Jean"," 27","Alma",N,N,"",2,364,"Brunelle-Duceppe","","Alexis","Bloc Québécois","Bloc Québécois",Y,Y,66
24033,"Lac-Saint-Jean","Lac-Saint-Jean"," 27","Alma",N,N,"",2,364,"Lemieux","","Denis","Liberal","Libéral",N,N,11
24033,"Lac-Saint-Jean","Lac-Saint-Jean"," 28","Alma",N,N,"",2,386,"Blackburn","","Dave","Conservative","Conservateur",N,N,36
24033,"Lac-Saint-Jean","Lac-Saint-Jean"," 28","Alma",N,N,"",2,386,"Boily-Maltais","","Hugues","NDP-New Democratic Party","NPD-Nouveau Parti démocratique",N,N,6
24033,"Lac-Saint-Jean","Lac-Saint-Jean"," 28","Alma",N,N,"",2,386,"Bouchard","","Lorie","People's Party - PPC","Parti populaire - PPC",N,N,4
24033,"Lac-Saint-Jean","Lac-Saint-Jean"," 28","Alma",N,N,"",2,386,"Brunelle-Duceppe","","Alexis","Bloc Québécois","Bloc Québécois",Y,Y,76
24033,"Lac-Saint-Jean","Lac-Saint-Jean"," 28","Alma",N,N,"",2,386,"Lemieux","","Denis","Liberal","Libéral",N,N,26
24033,"Lac-Saint-Jean","Lac-Saint-Jean"," 29","Alma",N,N,"",4,391,"Blackburn","","Dave","Conservative","Conservateur",N,N,36
24033,"Lac-Saint-Jean","Lac-Saint-Jean"," 29","Alma",N,N,"",4,391,"Boily-Maltais","","Hugues","NDP-New Democratic Party","NPD-Nouveau Parti démocratique",N,N,8
24033,"Lac-Saint-Jean","Lac-Saint-Jean"," 29","Alma",N,N,"",4,391,"Bouchard","","Lorie","People's Party - PPC","Parti populaire - PPC",N,N,4
24033,"Lac-Saint-Jean","Lac-Saint-Jean"," 29","Alma",N,N,"",4,391,"Brunelle-Duceppe","","Alexis","Bloc Québécois","Bloc Québécois",Y,Y,85
24033,"Lac-Saint-Jean","Lac-Saint-Jean"," 29","Alma",N,N,"",4,391,"Lemieux","","Denis","Liberal","Libéral",N,N,25
24033,"Lac-Saint-Jean","Lac-Saint-Jean"," 30","Alma",N,N,"",4,344,"Blackburn","","Dave","Conservative","Conservateur",N,N,29
24033,"Lac-Saint-Jean","Lac-Saint-Jean"," 30","Alma",N,N,"",4,344,"Boily-Maltais","","Hugues","NDP-New Democratic Party","NPD-Nouveau Parti démocratique",N,N,3
24033,"Lac-Saint-Jean","Lac-Saint-Jean"," 30","Alma",N,N,"",4,344,"Bouchard","","Lorie","People's Party - PPC","Parti populaire - PPC",N,N,2
24033,"Lac-Saint-Jean","Lac-Saint-Jean"," 30","Alma",N,N,"",4,344,"Brunelle-Duceppe","","Alexis","Bloc Québécois","Bloc Québécois",Y,Y,87
24033,"Lac-Saint-Jean","Lac-Saint-Jean"," 30","Alma",N,N,"",4,344,"Lemieux","","Denis","Liberal","Libéral",N,N,27
24033,"Lac-Saint-Jean","Lac-Saint-Jean"," 31","Dolbeau-Mistassini",N,N,"",2,424,"Blackburn","","Dave","Conservative","Conservateur",N,N,66
24033,"Lac-Saint-Jean","Lac-Saint-Jean"," 31","Dolbeau-Mistassini",N,N,"",2,424,"Boily-Maltais","","Hugues","NDP-New Democratic Party","NPD-Nouveau Parti démocratique",N,N,3
24033,"Lac-Saint-Jean","Lac-Saint-Jean"," 31","Dolbeau-Mistassini",N,N,"",2,424,"Bouchard","","Lorie","People's Party - PPC","Parti populaire - PPC",N,N,1
24033,"Lac-Saint-Jean","Lac-Saint-Jean"," 31","Dolbeau-Mistassini",N,N,"",2,424,"Brunelle-Duceppe","","Alexis","Bloc Québécois","Bloc Québécois",Y,Y,65
24033,"Lac-Saint-Jean","Lac-Saint-Jean"," 31","Dolbeau-Mistassini",N,N,"",2,424,"Lemieux","","Denis","Liberal","Libéral",N,N,49
24033,"Lac-Saint-Jean","Lac-Saint-Jean"," 32A","Dolbeau-Mistassini",N,N,"",2,358,"Blackburn","","Dave","Conservative","Conservateur",N,N,34
24033,"Lac-Saint-Jean","Lac-Saint-Jean"," 32A","Dolbeau-Mistassini",N,N,"",2,358,"Boily-Maltais","","Hugues","NDP-New Democratic Party","NPD-Nouveau Parti démocratique",N,N,2
24033,"Lac-Saint-Jean","Lac-Saint-Jean"," 32A","Dolbeau-Mistassini",N,N,"",2,358,"Bouchard","","Lorie","People's Party - PPC","Parti populaire - PPC",N,N,2
24033,"Lac-Saint-Jean","Lac-Saint-Jean"," 32A","Dolbeau-Mistassini",N,N,"",2,358,"Brunelle-Duceppe","","Alexis","Bloc Québécois","Bloc Québécois",Y,Y,64
24033,"Lac-Saint-Jean","Lac-Saint-Jean"," 32A","Dolbeau-Mistassini",N,N,"",2,358,"Lemieux","","Denis","Liberal","Libéral",N,N,32
24033,"Lac-Saint-Jean","Lac-Saint-Jean"," 32B","Mobile poll/Bureau itinérant",N,N,"502",0,10,"Blackburn","","Dave","Conservative","Conservateur",N,N,0
24033,"Lac-Saint-Jean","Lac-Saint-Jean"," 32B","Mobile poll/Bureau itinérant",N,N,"502",0,10,"Boily-Maltais","","Hugues","NDP-New Democratic Party","NPD-Nouveau Parti démocratique",N,N,0
24033,"Lac-Saint-Jean","Lac-Saint-Jean"," 32B","Mobile poll/Bureau itinérant",N,N,"502",0,10,"Bouchard","","Lorie","People's Party - PPC","Parti populaire - PPC",N,N,0
24033,"Lac-Saint-Jean","Lac-Saint-Jean"," 32B","Mobile poll/Bureau itinérant",N,N,"502",0,10,"Brunelle-Duceppe","","Alexis","Bloc Québécois","Bloc Québécois",Y,Y,0
24033,"Lac-Saint-Jean","Lac-Saint-Jean"," 32B","Mobile poll/Bureau itinérant",N,N,"502",0,10,"Lemieux","","Denis","Liberal","Libéral",N,N,0
24033,"Lac-Saint-Jean","Lac-Saint-Jean"," 32C","Mobile poll/Bureau itinérant",N,N,"502",0,5,"Blackburn","","Dave","Conservative","Conservateur",N,N,0
24033,"Lac-Saint-Jean","Lac-Saint-Jean"," 32C","Mobile poll/Bureau itinérant",N,N,"502",0,5,"Boily-Maltais","","Hugues","NDP-New Democratic Party","NPD-Nouveau Parti démocratique",N,N,0
24033,"Lac-Saint-Jean","Lac-Saint-Jean"," 32C","Mobile poll/Bureau itinérant",N,N,"502",0,5,"Bouchard","","Lorie","People's Party - PPC","Parti populaire - PPC",N,N,0
24033,"Lac-Saint-Jean","Lac-Saint-Jean"," 32C","Mobile poll/Bureau itinérant",N,N,"502",0,5,"Brunelle-Duceppe","","Alexis","Bloc Québécois","Bloc Québécois",Y,Y,0
24033,"Lac-Saint-Jean","Lac-Saint-Jean"," 32C","Mobile poll/Bureau itinérant",N,N,"502",0,5,"Lemieux","","Denis","Liberal","Libéral",N,N,0
24033,"Lac-Saint-Jean","Lac-Saint-Jean"," 33","Dolbeau-Mistassini",N,N,"",3,329,"Blackburn","","Dave","Conservative","Conservateur",N,N,28
24033,"Lac-Saint-Jean","Lac-Saint-Jean"," 33","Dolbeau-Mistassini",N,N,"",3,329,"Boily-Maltais","","Hugues","NDP-New Democratic Party","NPD-Nouveau Parti démocratique",N,N,2
24033,"Lac-Saint-Jean","Lac-Saint-Jean"," 33","Dolbeau-Mistassini",N,N,"",3,329,"Bouchard","","Lorie","People's Party - PPC","Parti populaire - PPC",N,N,2
24033,"Lac-Saint-Jean","Lac-Saint-Jean"," 33","Dolbeau-Mistassini",N,N,"",3,329,"Brunelle-Duceppe","","Alexis","Bloc Québécois","Bloc Québécois",Y,Y,56
24033,"Lac-Saint-Jean","Lac-Saint-Jean"," 33","Dolbeau-Mistassini",N,N,"",3,329,"Lemieux","","Denis","Liberal","Libéral",N,N,29
24033,"Lac-Saint-Jean","Lac-Saint-Jean"," 34","Dolbeau-Mistassini",N,N,"",3,382,"Blackburn","","Dave","Conservative","Conservateur",N,N,43
24033,"Lac-Saint-Jean","Lac-Saint-Jean"," 34","Dolbeau-Mistassini",N,N,"",3,382,"Boily-Maltais","","Hugues","NDP-New Democratic Party","NPD-Nouveau Parti démocratique",N,N,3
24033,"Lac-Saint-Jean","Lac-Saint-Jean"," 34","Dolbeau-Mistassini",N,N,"",3,382,"Bouchard","","Lorie","People's Party - PPC","Parti populaire - PPC",N,N,2
24033,"Lac-Saint-Jean","Lac-Saint-Jean"," 34","Dolbeau-Mistassini",N,N,"",3,382,"Brunelle-Duceppe","","Alexis","Bloc Québécois","Bloc Québécois",Y,Y,71
24033,"Lac-Saint-Jean","Lac-Saint-Jean"," 34","Dolbeau-Mistassini",N,N,"",3,382,"Lemieux","","Denis","Liberal","Libéral",N,N,40
24033,"Lac-Saint-Jean","Lac-Saint-Jean"," 35","Dolbeau-Mistassini",N,N,"",2,372,"Blackburn","","Dave","Conservative","Conservateur",N,N,39
24033,"Lac-Saint-Jean","Lac-Saint-Jean"," 35","Dolbeau-Mistassini",N,N,"",2,372,"Boily-Maltais","","Hugues","NDP-New Democratic Party","NPD-Nouveau Parti démocratique",N,N,1
24033,"Lac-Saint-Jean","Lac-Saint-Jean"," 35","Dolbeau-Mistassini",N,N,"",2,372,"Bouchard","","Lorie","People's Party - PPC","Parti populaire - PPC",N,N,6
24033,"Lac-Saint-Jean","Lac-Saint-Jean"," 35","Dolbeau-Mistassini",N,N,"",2,372,"Brunelle-Duceppe","","Alexis","Bloc Québécois","Bloc Québécois",Y,Y,50
24033,"Lac-Saint-Jean","Lac-Saint-Jean"," 35","Dolbeau-Mistassini",N,N,"",2,372,"Lemieux","","Denis","Liberal","Libéral",N,N,40
24033,"Lac-Saint-Jean","Lac-Saint-Jean"," 36","Dolbeau-Mistassini",N,N,"",1,359,"Blackburn","","Dave","Conservative","Conservateur",N,N,57
24033,"Lac-Saint-Jean","Lac-Saint-Jean"," 36","Dolbeau-Mistassini",N,N,"",1,359,"Boily-Maltais","","Hugues","NDP-New Democratic Party","NPD-Nouveau Parti démocratique",N,N,1
24033,"Lac-Saint-Jean","Lac-Saint-Jean"," 36","Dolbeau-Mistassini",N,N,"",1,359,"Bouchard","","Lorie","People's Party - PPC","Parti populaire - PPC",N,N,1
24033,"Lac-Saint-Jean","Lac-Saint-Jean"," 36","Dolbeau-Mistassini",N,N,"",1,359,"Brunelle-Duceppe","","Alexis","Bloc Québécois","Bloc Québécois",Y,Y,59
24033,"Lac-Saint-Jean","Lac-Saint-Jean"," 36","Dolbeau-Mistassini",N,N,"",1,359,"Lemieux","","Denis","Liberal","Libéral",N,N,31
24033,"Lac-Saint-Jean","Lac-Saint-Jean"," 37","Dolbeau-Mistassini",N,N,"",1,352,"Blackburn","","Dave","Conservative","Conservateur",N,N,26
24033,"Lac-Saint-Jean","Lac-Saint-Jean"," 37","Dolbeau-Mistassini",N,N,"",1,352,"Boily-Maltais","","Hugues","NDP-New Democratic Party","NPD-Nouveau Parti démocratique",N,N,5
24033,"Lac-Saint-Jean","Lac-Saint-Jean"," 37","Dolbeau-Mistassini",N,N,"",1,352,"Bouchard","","Lorie","People's Party - PPC","Parti populaire - PPC",N,N,3
24033,"Lac-Saint-Jean","Lac-Saint-Jean"," 37","Dolbeau-Mistassini",N,N,"",1,352,"Brunelle-Duceppe","","Alexis","Bloc Québécois","Bloc Québécois",Y,Y,45
24033,"Lac-Saint-Jean","Lac-Saint-Jean"," 37","Dolbeau-Mistassini",N,N,"",1,352,"Lemieux","","Denis","Liberal","Libéral",N,N,24
24033,"Lac-Saint-Jean","Lac-Saint-Jean"," 38","Dolbeau-Mistassini",N,N,"",1,331,"Blackburn","","Dave","Conservative","Conservateur",N,N,43
24033,"Lac-Saint-Jean","Lac-Saint-Jean"," 38","Dolbeau-Mistassini",N,N,"",1,331,"Boily-Maltais","","Hugues","NDP-New Democratic Party","NPD-Nouveau Parti démocratique",N,N,7
24033,"Lac-Saint-Jean","Lac-Saint-Jean"," 38","Dolbeau-Mistassini",N,N,"",1,331,"Bouchard","","Lorie","People's Party - PPC","Parti populaire - PPC",N,N,1
24033,"Lac-Saint-Jean","Lac-Saint-Jean"," 38","Dolbeau-Mistassini",N,N,"",1,331,"Brunelle-Duceppe","","Alexis","Bloc Québécois","Bloc Québécois",Y,Y,43
24033,"Lac-Saint-Jean","Lac-Saint-Jean"," 38","Dolbeau-Mistassini",N,N,"",1,331,"Lemieux","","Denis","Liberal","Libéral",N,N,19
24033,"Lac-Saint-Jean","Lac-Saint-Jean"," 39","Dolbeau-Mistassini",N,N,"",0,336,"Blackburn","","Dave","Conservative","Conservateur",N,N,30
24033,"Lac-Saint-Jean","Lac-Saint-Jean"," 39","Dolbeau-Mistassini",N,N,"",0,336,"Boily-Maltais","","Hugues","NDP-New Democratic Party","NPD-Nouveau Parti démocratique",N,N,4
24033,"Lac-Saint-Jean","Lac-Saint-Jean"," 39","Dolbeau-Mistassini",N,N,"",0,336,"Bouchard","","Lorie","People's Party - PPC","Parti populaire - PPC",N,N,1
24033,"Lac-Saint-Jean","Lac-Saint-Jean"," 39","Dolbeau-Mistassini",N,N,"",0,336,"Brunelle-Duceppe","","Alexis","Bloc Québécois","Bloc Québécois",Y,Y,38
24033,"Lac-Saint-Jean","Lac-Saint-Jean"," 39","Dolbeau-Mistassini",N,N,"",0,336,"Lemieux","","Denis","Liberal","Libéral",N,N,20
24033,"Lac-Saint-Jean","Lac-Saint-Jean"," 40","Dolbeau-Mistassini",N,N,"",3,406,"Blackburn","","Dave","Conservative","Conservateur",N,N,44
24033,"Lac-Saint-Jean","Lac-Saint-Jean"," 40","Dolbeau-Mistassini",N,N,"",3,406,"Boily-Maltais","","Hugues","NDP-New Democratic Party","NPD-Nouveau Parti démocratique",N,N,3
24033,"Lac-Saint-Jean","Lac-Saint-Jean"," 40","Dolbeau-Mistassini",N,N,"",3,406,"Bouchard","","Lorie","People's Party - PPC","Parti populaire - PPC",N,N,1
24033,"Lac-Saint-Jean","Lac-Saint-Jean"," 40","Dolbeau-Mistassini",N,N,"",3,406,"Brunelle-Duceppe","","Alexis","Bloc Québécois","Bloc Québécois",Y,Y,72
24033,"Lac-Saint-Jean","Lac-Saint-Jean"," 40","Dolbeau-Mistassini",N,N,"",3,406,"Lemieux","","Denis","Liberal","Libéral",N,N,46
24033,"Lac-Saint-Jean","Lac-Saint-Jean"," 41","Dolbeau-Mistassini",N,N,"",1,369,"Blackburn","","Dave","Conservative","Conservateur",N,N,48
24033,"Lac-Saint-Jean","Lac-Saint-Jean"," 41","Dolbeau-Mistassini",N,N,"",1,369,"Boily-Maltais","","Hugues","NDP-New Democratic Party","NPD-Nouveau Parti démocratique",N,N,5
24033,"Lac-Saint-Jean","Lac-Saint-Jean"," 41","Dolbeau-Mistassini",N,N,"",1,369,"Bouchard","","Lorie","People's Party - PPC","Parti populaire - PPC",N,N,1
24033,"Lac-Saint-Jean","Lac-Saint-Jean"," 41","Dolbeau-Mistassini",N,N,"",1,369,"Brunelle-Duceppe","","Alexis","Bloc Québécois","Bloc Québécois",Y,Y,61
24033,"Lac-Saint-Jean","Lac-Saint-Jean"," 41","Dolbeau-Mistassini",N,N,"",1,369,"Lemieux","","Denis","Liberal","Libéral",N,N,40
24033,"Lac-Saint-Jean","Lac-Saint-Jean"," 42","Dolbeau-Mistassini",N,N,"",4,365,"Blackburn","","Dave","Conservative","Conservateur",N,N,48
24033,"Lac-Saint-Jean","Lac-Saint-Jean"," 42","Dolbeau-Mistassini",N,N,"",4,365,"Boily-Maltais","","Hugues","NDP-New Democratic Party","NPD-Nouveau Parti démocratique",N,N,3
24033,"Lac-Saint-Jean","Lac-Saint-Jean"," 42","Dolbeau-Mistassini",N,N,"",4,365,"Bouchard","","Lorie","People's Party - PPC","Parti populaire - PPC",N,N,0
24033,"Lac-Saint-Jean","Lac-Saint-Jean"," 42","Dolbeau-Mistassini",N,N,"",4,365,"Brunelle-Duceppe","","Alexis","Bloc Québécois","Bloc Québécois",Y,Y,67
24033,"Lac-Saint-Jean","Lac-Saint-Jean"," 42","Dolbeau-Mistassini",N,N,"",4,365,"Lemieux","","Denis","Liberal","Libéral",N,N,61
24033,"Lac-Saint-Jean","Lac-Saint-Jean"," 43","Péribonka",N,N,"",6,486,"Blackburn","","Dave","Conservative","Conservateur",N,N,58
24033,"Lac-Saint-Jean","Lac-Saint-Jean"," 43","Péribonka",N,N,"",6,486,"Boily-Maltais","","Hugues","NDP-New Democratic Party","NPD-Nouveau Parti démocratique",N,N,6
24033,"Lac-Saint-Jean","Lac-Saint-Jean"," 43","Péribonka",N,N,"",6,486,"Bouchard","","Lorie","People's Party - PPC","Parti populaire - PPC",N,N,2
24033,"Lac-Saint-Jean","Lac-Saint-Jean"," 43","Péribonka",N,N,"",6,486,"Brunelle-Duceppe","","Alexis","Bloc Québécois","Bloc Québécois",Y,Y,141
24033,"Lac-Saint-Jean","Lac-Saint-Jean"," 43","Péribonka",N,N,"",6,486,"Lemieux","","Denis","Liberal","Libéral",N,N,56
24033,"Lac-Saint-Jean","Lac-Saint-Jean"," 44","Sainte-Monique",N,N,"",0,391,"Blackburn","","Dave","Conservative","Conservateur",N,N,72
24033,"Lac-Saint-Jean","Lac-Saint-Jean"," 44","Sainte-Monique",N,N,"",0,391,"Boily-Maltais","","Hugues","NDP-New Democratic Party","NPD-Nouveau Parti démocratique",N,N,0
24033,"Lac-Saint-Jean","Lac-Saint-Jean"," 44","Sainte-Monique",N,N,"",0,391,"Bouchard","","Lorie","People's Party - PPC","Parti populaire - PPC",N,N,0
24033,"Lac-Saint-Jean","Lac-Saint-Jean"," 44","Sainte-Monique",N,N,"",0,391,"Brunelle-Duceppe","","Alexis","Bloc Québécois","Bloc Québécois",Y,Y,73
24033,"Lac-Saint-Jean","Lac-Saint-Jean"," 44","Sainte-Monique",N,N,"",0,391,"Lemieux","","Denis","Liberal","Libéral",N,N,27
24033,"Lac-Saint-Jean","Lac-Saint-Jean"," 45","Sainte-Monique",N,N,"",6,349,"Blackburn","","Dave","Conservative","Conservateur",N,N,65
24033,"Lac-Saint-Jean","Lac-Saint-Jean"," 45","Sainte-Monique",N,N,"",6,349,"Boily-Maltais","","Hugues","NDP-New Democratic Party","NPD-Nouveau Parti démocratique",N,N,3
24033,"Lac-Saint-Jean","Lac-Saint-Jean"," 45","Sainte-Monique",N,N,"",6,349,"Bouchard","","Lorie","People's Party - PPC","Parti populaire - PPC",N,N,1
24033,"Lac-Saint-Jean","Lac-Saint-Jean"," 45","Sainte-Monique",N,N,"",6,349,"Brunelle-Duceppe","","Alexis","Bloc Québécois","Bloc Québécois",Y,Y,75
24033,"Lac-Saint-Jean","Lac-Saint-Jean"," 45","Sainte-Monique",N,N,"",6,349,"Lemieux","","Denis","Liberal","Libéral",N,N,54
24033,"Lac-Saint-Jean","Lac-Saint-Jean"," 46","Normandin",N,N,"",8,384,"Blackburn","","Dave","Conservative","Conservateur",N,N,70
24033,"Lac-Saint-Jean","Lac-Saint-Jean"," 46","Normandin",N,N,"",8,384,"Boily-Maltais","","Hugues","NDP-New Democratic Party","NPD-Nouveau Parti démocratique",N,N,4
24033,"Lac-Saint-Jean","Lac-Saint-Jean"," 46","Normandin",N,N,"",8,384,"Bouchard","","Lorie","People's Party - PPC","Parti populaire - PPC",N,N,2
24033,"Lac-Saint-Jean","Lac-Saint-Jean"," 46","Normandin",N,N,"",8,384,"Brunelle-Duceppe","","Alexis","Bloc Québécois","Bloc Québécois",Y,Y,86
24033,"Lac-Saint-Jean","Lac-Saint-Jean"," 46","Normandin",N,N,"",8,384,"Lemieux","","Denis","Liberal","Libéral",N,N,33
24033,"Lac-Saint-Jean","Lac-Saint-Jean"," 47","Normandin",N,N,"",4,327,"Blackburn","","Dave","Conservative","Conservateur",N,N,54
24033,"Lac-Saint-Jean","Lac-Saint-Jean"," 47","Normandin",N,N,"",4,327,"Boily-Maltais","","Hugues","NDP-New Democratic Party","NPD-Nouveau Parti démocratique",N,N,2
24033,"Lac-Saint-Jean","Lac-Saint-Jean"," 47","Normandin",N,N,"",4,327,"Bouchard","","Lorie","People's Party - PPC","Parti populaire - PPC",N,N,2
24033,"Lac-Saint-Jean","Lac-Saint-Jean"," 47","Normandin",N,N,"",4,327,"Brunelle-Duceppe","","Alexis","Bloc Québécois","Bloc Québécois",Y,Y,66
24033,"Lac-Saint-Jean","Lac-Saint-Jean"," 47","Normandin",N,N,"",4,327,"Lemieux","","Denis","Liberal","Libéral",N,N,40
24033,"Lac-Saint-Jean","Lac-Saint-Jean"," 48","Normandin",N,N,"",0,346,"Blackburn","","Dave","Conservative","Conservateur",N,N,46
24033,"Lac-Saint-Jean","Lac-Saint-Jean"," 48","Normandin",N,N,"",0,346,"Boily-Maltais","","Hugues","NDP-New Democratic Party","NPD-Nouveau Parti démocratique",N,N,1
24033,"Lac-Saint-Jean","Lac-Saint-Jean"," 48","Normandin",N,N,"",0,346,"Bouchard","","Lorie","People's Party - PPC","Parti populaire - PPC",N,N,0
24033,"Lac-Saint-Jean","Lac-Saint-Jean"," 48","Normandin",N,N,"",0,346,"Brunelle-Duceppe","","Alexis","Bloc Québécois","Bloc Québécois",Y,Y,53
24033,"Lac-Saint-Jean","Lac-Saint-Jean"," 48","Normandin",N,N,"",0,346,"Lemieux","","Denis","Liberal","Libéral",N,N,36
24033,"Lac-Saint-Jean","Lac-Saint-Jean"," 49","Normandin",N,N,"",4,380,"Blackburn","","Dave","Conservative","Conservateur",N,N,56
24033,"Lac-Saint-Jean","Lac-Saint-Jean"," 49","Normandin",N,N,"",4,380,"Boily-Maltais","","Hugues","NDP-New Democratic Party","NPD-Nouveau Parti démocratique",N,N,1
24033,"Lac-Saint-Jean","Lac-Saint-Jean"," 49","Normandin",N,N,"",4,380,"Bouchard","","Lorie","People's Party - PPC","Parti populaire - PPC",N,N,2
24033,"Lac-Saint-Jean","Lac-Saint-Jean"," 49","Normandin",N,N,"",4,380,"Brunelle-Duceppe","","Alexis","Bloc Québécois","Bloc Québécois",Y,Y,57
24033,"Lac-Saint-Jean","Lac-Saint-Jean"," 49","Normandin",N,N,"",4,380,"Lemieux","","Denis","Liberal","Libéral",N,N,37
24033,"Lac-Saint-Jean","Lac-Saint-Jean"," 50","Normandin",N,N,"",2,276,"Blackburn","","Dave","Conservative","Conservateur",N,N,40
24033,"Lac-Saint-Jean","Lac-Saint-Jean"," 50","Normandin",N,N,"",2,276,"Boily-Maltais","","Hugues","NDP-New Democratic Party","NPD-Nouveau Parti démocratique",N,N,1
24033,"Lac-Saint-Jean","Lac-Saint-Jean"," 50","Normandin",N,N,"",2,276,"Bouchard","","Lorie","People's Party - PPC","Parti populaire - PPC",N,N,0
24033,"Lac-Saint-Jean","Lac-Saint-Jean"," 50","Normandin",N,N,"",2,276,"Brunelle-Duceppe","","Alexis","Bloc Québécois","Bloc Québécois",Y,Y,37
24033,"Lac-Saint-Jean","Lac-Saint-Jean"," 50","Normandin",N,N,"",2,276,"Lemieux","","Denis","Liberal","Libéral",N,N,29
24033,"Lac-Saint-Jean","Lac-Saint-Jean"," 51","Normandin",N,N,"",0,266,"Blackburn","","Dave","Conservative","Conservateur",N,N,28
24033,"Lac-Saint-Jean","Lac-Saint-Jean"," 51","Normandin",N,N,"",0,266,"Boily-Maltais","","Hugues","NDP-New Democratic Party","NPD-Nouveau Parti démocratique",N,N,3
24033,"Lac-Saint-Jean","Lac-Saint-Jean"," 51","Normandin",N,N,"",0,266,"Bouchard","","Lorie","People's Party - PPC","Parti populaire - PPC",N,N,3
24033,"Lac-Saint-Jean","Lac-Saint-Jean"," 51","Normandin",N,N,"",0,266,"Brunelle-Duceppe","","Alexis","Bloc Québécois","Bloc Québécois",Y,Y,54
24033,"Lac-Saint-Jean","Lac-Saint-Jean"," 51","Normandin",N,N,"",0,266,"Lemieux","","Denis","Liberal","Libéral",N,N,32
24033,"Lac-Saint-Jean","Lac-Saint-Jean"," 52","Normandin",N,N,"",3,322,"Blackburn","","Dave","Conservative","Conservateur",N,N,41
24033,"Lac-Saint-Jean","Lac-Saint-Jean"," 52","Normandin",N,N,"",3,322,"Boily-Maltais","","Hugues","NDP-New Democratic Party","NPD-Nouveau Parti démocratique",N,N,2
24033,"Lac-Saint-Jean","Lac-Saint-Jean"," 52","Normandin",N,N,"",3,322,"Bouchard","","Lorie","People's Party - PPC","Parti populaire - PPC",N,N,0
24033,"Lac-Saint-Jean","Lac-Saint-Jean"," 52","Normandin",N,N,"",3,322,"Brunelle-Duceppe","","Alexis","Bloc Québécois","Bloc Québécois",Y,Y,70
24033,"Lac-Saint-Jean","Lac-Saint-Jean"," 52","Normandin",N,N,"",3,322,"Lemieux","","Denis","Liberal","Libéral",N,N,31
24033,"Lac-Saint-Jean","Lac-Saint-Jean"," 53","Dolbeau-Mistassini",N,N,"",2,309,"Blackburn","","Dave","Conservative","Conservateur",N,N,38
24033,"Lac-Saint-Jean","Lac-Saint-Jean"," 53","Dolbeau-Mistassini",N,N,"",2,309,"Boily-Maltais","","Hugues","NDP-New Democratic Party","NPD-Nouveau Parti démocratique",N,N,3
24033,"Lac-Saint-Jean","Lac-Saint-Jean"," 53","Dolbeau-Mistassini",N,N,"",2,309,"Bouchard","","Lorie","People's Party - PPC","Parti populaire - PPC",N,N,0
24033,"Lac-Saint-Jean","Lac-Saint-Jean"," 53","Dolbeau-Mistassini",N,N,"",2,309,"Brunelle-Duceppe","","Alexis","Bloc Québécois","Bloc Québécois",Y,Y,80
24033,"Lac-Saint-Jean","Lac-Saint-Jean"," 53","Dolbeau-Mistassini",N,N,"",2,309,"Lemieux","","Denis","Liberal","Libéral",N,N,31
24033,"Lac-Saint-Jean","Lac-Saint-Jean"," 54","Dolbeau-Mistassini",N,N,"",3,346,"Blackburn","","Dave","Conservative","Conservateur",N,N,48
24033,"Lac-Saint-Jean","Lac-Saint-Jean"," 54","Dolbeau-Mistassini",N,N,"",3,346,"Boily-Maltais","","Hugues","NDP-New Democratic Party","NPD-Nouveau Parti démocratique",N,N,0
24033,"Lac-Saint-Jean","Lac-Saint-Jean"," 54","Dolbeau-Mistassini",N,N,"",3,346,"Bouchard","","Lorie","People's Party - PPC","Parti populaire - PPC",N,N,0
24033,"Lac-Saint-Jean","Lac-Saint-Jean"," 54","Dolbeau-Mistassini",N,N,"",3,346,"Brunelle-Duceppe","","Alexis","Bloc Québécois","Bloc Québécois",Y,Y,84
24033,"Lac-Saint-Jean","Lac-Saint-Jean"," 54","Dolbeau-Mistassini",N,N,"",3,346,"Lemieux","","Denis","Liberal","Libéral",N,N,47
24033,"Lac-Saint-Jean","Lac-Saint-Jean"," 55","Alma",N,N,"",3,352,"Blackburn","","Dave","Conservative","Conservateur",N,N,38
24033,"Lac-Saint-Jean","Lac-Saint-Jean"," 55","Alma",N,N,"",3,352,"Boily-Maltais","","Hugues","NDP-New Democratic Party","NPD-Nouveau Parti démocratique",N,N,3
24033,"Lac-Saint-Jean","Lac-Saint-Jean"," 55","Alma",N,N,"",3,352,"Bouchard","","Lorie","People's Party - PPC","Parti populaire - PPC",N,N,3
24033,"Lac-Saint-Jean","Lac-Saint-Jean"," 55","Alma",N,N,"",3,352,"Brunelle-Duceppe","","Alexis","Bloc Québécois","Bloc Québécois",Y,Y,94
24033,"Lac-Saint-Jean","Lac-Saint-Jean"," 55","Alma",N,N,"",3,352,"Lemieux","","Denis","Liberal","Libéral",N,N,31
24033,"Lac-Saint-Jean","Lac-Saint-Jean"," 56","Alma",N,N,"",3,388,"Blackburn","","Dave","Conservative","Conservateur",N,N,51
24033,"Lac-Saint-Jean","Lac-Saint-Jean"," 56","Alma",N,N,"",3,388,"Boily-Maltais","","Hugues","NDP-New Democratic Party","NPD-Nouveau Parti démocratique",N,N,3
24033,"Lac-Saint-Jean","Lac-Saint-Jean"," 56","Alma",N,N,"",3,388,"Bouchard","","Lorie","People's Party - PPC","Parti populaire - PPC",N,N,4
24033,"Lac-Saint-Jean","Lac-Saint-Jean"," 56","Alma",N,N,"",3,388,"Brunelle-Duceppe","","Alexis","Bloc Québécois","Bloc Québécois",Y,Y,103
24033,"Lac-Saint-Jean","Lac-Saint-Jean"," 56","Alma",N,N,"",3,388,"Lemieux","","Denis","Liberal","Libéral",N,N,41
24033,"Lac-Saint-Jean","Lac-Saint-Jean"," 57","Alma",N,N,"",4,389,"Blackburn","","Dave","Conservative","Conservateur",N,N,73
24033,"Lac-Saint-Jean","Lac-Saint-Jean"," 57","Alma",N,N,"",4,389,"Boily-Maltais","","Hugues","NDP-New Democratic Party","NPD-Nouveau Parti démocratique",N,N,5
24033,"Lac-Saint-Jean","Lac-Saint-Jean"," 57","Alma",N,N,"",4,389,"Bouchard","","Lorie","People's Party - PPC","Parti populaire - PPC",N,N,1
24033,"Lac-Saint-Jean","Lac-Saint-Jean"," 57","Alma",N,N,"",4,389,"Brunelle-Duceppe","","Alexis","Bloc Québécois","Bloc Québécois",Y,Y,110
24033,"Lac-Saint-Jean","Lac-Saint-Jean"," 57","Alma",N,N,"",4,389,"Lemieux","","Denis","Liberal","Libéral",N,N,49
24033,"Lac-Saint-Jean","Lac-Saint-Jean"," 58","Alma",N,N,"",3,383,"Blackburn","","Dave","Conservative","Conservateur",N,N,66
24033,"Lac-Saint-Jean","Lac-Saint-Jean"," 58","Alma",N,N,"",3,383,"Boily-Maltais","","Hugues","NDP-New Democratic Party","NPD-Nouveau Parti démocratique",N,N,9
24033,"Lac-Saint-Jean","Lac-Saint-Jean"," 58","Alma",N,N,"",3,383,"Bouchard","","Lorie","People's Party - PPC","Parti populaire - PPC",N,N,5
24033,"Lac-Saint-Jean","Lac-Saint-Jean"," 58","Alma",N,N,"",3,383,"Brunelle-Duceppe","","Alexis","Bloc Québécois","Bloc Québécois",Y,Y,92
24033,"Lac-Saint-Jean","Lac-Saint-Jean"," 58","Alma",N,N,"",3,383,"Lemieux","","Denis","Liberal","Libéral",N,N,57
24033,"Lac-Saint-Jean","Lac-Saint-Jean"," 59","Saint-Henri-de-Taillon",N,N,"",3,330,"Blackburn","","Dave","Conservative","Conservateur",N,N,61
24033,"Lac-Saint-Jean","Lac-Saint-Jean"," 59","Saint-Henri-de-Taillon",N,N,"",3,330,"Boily-Maltais","","Hugues","NDP-New Democratic Party","NPD-Nouveau Parti démocratique",N,N,4
24033,"Lac-Saint-Jean","Lac-Saint-Jean"," 59","Saint-Henri-de-Taillon",N,N,"",3,330,"Bouchard","","Lorie","People's Party - PPC","Parti populaire - PPC",N,N,1
24033,"Lac-Saint-Jean","Lac-Saint-Jean"," 59","Saint-Henri-de-Taillon",N,N,"",3,330,"Brunelle-Duceppe","","Alexis","Bloc Québécois","Bloc Québécois",Y,Y,89
24033,"Lac-Saint-Jean","Lac-Saint-Jean"," 59","Saint-Henri-de-Taillon",N,N,"",3,330,"Lemieux","","Denis","Liberal","Libéral",N,N,28
24033,"Lac-Saint-Jean","Lac-Saint-Jean"," 60","Saint-Henri-de-Taillon",N,N,"",2,349,"Blackburn","","Dave","Conservative","Conservateur",N,N,29
24033,"Lac-Saint-Jean","Lac-Saint-Jean"," 60","Saint-Henri-de-Taillon",N,N,"",2,349,"Boily-Maltais","","Hugues","NDP-New Democratic Party","NPD-Nouveau Parti démocratique",N,N,2
24033,"Lac-Saint-Jean","Lac-Saint-Jean"," 60","Saint-Henri-de-Taillon",N,N,"",2,349,"Bouchard","","Lorie","People's Party - PPC","Parti populaire - PPC",N,N,0
24033,"Lac-Saint-Jean","Lac-Saint-Jean"," 60","Saint-Henri-de-Taillon",N,N,"",2,349,"Brunelle-Duceppe","","Alexis","Bloc Québécois","Bloc Québécois",Y,Y,88
24033,"Lac-Saint-Jean","Lac-Saint-Jean"," 60","Saint-Henri-de-Taillon",N,N,"",2,349,"Lemieux","","Denis","Liberal","Libéral",N,N,58
24033,"Lac-Saint-Jean","Lac-Saint-Jean"," 61","Alma",N,N,"",0,555,"Blackburn","","Dave","Conservative","Conservateur",N,N,60
24033,"Lac-Saint-Jean","Lac-Saint-Jean"," 61","Alma",N,N,"",0,555,"Boily-Maltais","","Hugues","NDP-New Democratic Party","NPD-Nouveau Parti démocratique",N,N,5
24033,"Lac-Saint-Jean","Lac-Saint-Jean"," 61","Alma",N,N,"",0,555,"Bouchard","","Lorie","People's Party - PPC","Parti populaire - PPC",N,N,3
24033,"Lac-Saint-Jean","Lac-Saint-Jean"," 61","Alma",N,N,"",0,555,"Brunelle-Duceppe","","Alexis","Bloc Québécois","Bloc Québécois",Y,Y,119
24033,"Lac-Saint-Jean","Lac-Saint-Jean"," 61","Alma",N,N,"",0,555,"Lemieux","","Denis","Liberal","Libéral",N,N,51
24033,"Lac-Saint-Jean","Lac-Saint-Jean"," 62","Alma",N,N,"",4,412,"Blackburn","","Dave","Conservative","Conservateur",N,N,66
24033,"Lac-Saint-Jean","Lac-Saint-Jean"," 62","Alma",N,N,"",4,412,"Boily-Maltais","","Hugues","NDP-New Democratic Party","NPD-Nouveau Parti démocratique",N,N,1
24033,"Lac-Saint-Jean","Lac-Saint-Jean"," 62","Alma",N,N,"",4,412,"Bouchard","","Lorie","People's Party - PPC","Parti populaire - PPC",N,N,2
24033,"Lac-Saint-Jean","Lac-Saint-Jean"," 62","Alma",N,N,"",4,412,"Brunelle-Duceppe","","Alexis","Bloc Québécois","Bloc Québécois",Y,Y,83
24033,"Lac-Saint-Jean","Lac-Saint-Jean"," 62","Alma",N,N,"",4,412,"Lemieux","","Denis","Liberal","Libéral",N,N,28
24033,"Lac-Saint-Jean","Lac-Saint-Jean"," 63","Alma",N,N,"",8,503,"Blackburn","","Dave","Conservative","Conservateur",N,N,62
24033,"Lac-Saint-Jean","Lac-Saint-Jean"," 63","Alma",N,N,"",8,503,"Boily-Maltais","","Hugues","NDP-New Democratic Party","NPD-Nouveau Parti démocratique",N,N,6
24033,"Lac-Saint-Jean","Lac-Saint-Jean"," 63","Alma",N,N,"",8,503,"Bouchard","","Lorie","People's Party - PPC","Parti populaire - PPC",N,N,2
24033,"Lac-Saint-Jean","Lac-Saint-Jean"," 63","Alma",N,N,"",8,503,"Brunelle-Duceppe","","Alexis","Bloc Québécois","Bloc Québécois",Y,Y,73
24033,"Lac-Saint-Jean","Lac-Saint-Jean"," 63","Alma",N,N,"",8,503,"Lemieux","","Denis","Liberal","Libéral",N,N,39
24033,"Lac-Saint-Jean","Lac-Saint-Jean"," 64","Alma",N,N,"",1,365,"Blackburn","","Dave","Conservative","Conservateur",N,N,52
24033,"Lac-Saint-Jean","Lac-Saint-Jean"," 64","Alma",N,N,"",1,365,"Boily-Maltais","","Hugues","NDP-New Democratic Party","NPD-Nouveau Parti démocratique",N,N,2
24033,"Lac-Saint-Jean","Lac-Saint-Jean"," 64","Alma",N,N,"",1,365,"Bouchard","","Lorie","People's Party - PPC","Parti populaire - PPC",N,N,1
24033,"Lac-Saint-Jean","Lac-Saint-Jean"," 64","Alma",N,N,"",1,365,"Brunelle-Duceppe","","Alexis","Bloc Québécois","Bloc Québécois",Y,Y,77
24033,"Lac-Saint-Jean","Lac-Saint-Jean"," 64","Alma",N,N,"",1,365,"Lemieux","","Denis","Liberal","Libéral",N,N,40
24033,"Lac-Saint-Jean","Lac-Saint-Jean"," 65","Alma",N,N,"",2,346,"Blackburn","","Dave","Conservative","Conservateur",N,N,35
24033,"Lac-Saint-Jean","Lac-Saint-Jean"," 65","Alma",N,N,"",2,346,"Boily-Maltais","","Hugues","NDP-New Democratic Party","NPD-Nouveau Parti démocratique",N,N,2
24033,"Lac-Saint-Jean","Lac-Saint-Jean"," 65","Alma",N,N,"",2,346,"Bouchard","","Lorie","People's Party - PPC","Parti populaire - PPC",N,N,7
24033,"Lac-Saint-Jean","Lac-Saint-Jean"," 65","Alma",N,N,"",2,346,"Brunelle-Duceppe","","Alexis","Bloc Québécois","Bloc Québécois",Y,Y,67
24033,"Lac-Saint-Jean","Lac-Saint-Jean"," 65","Alma",N,N,"",2,346,"Lemieux","","Denis","Liberal","Libéral",N,N,23
24033,"Lac-Saint-Jean","Lac-Saint-Jean"," 66","Alma",N,N,"",3,378,"Blackburn","","Dave","Conservative","Conservateur",N,N,17
24033,"Lac-Saint-Jean","Lac-Saint-Jean"," 66","Alma",N,N,"",3,378,"Boily-Maltais","","Hugues","NDP-New Democratic Party","NPD-Nouveau Parti démocratique",N,N,3
24033,"Lac-Saint-Jean","Lac-Saint-Jean"," 66","Alma",N,N,"",3,378,"Bouchard","","Lorie","People's Party - PPC","Parti populaire - PPC",N,N,2
24033,"Lac-Saint-Jean","Lac-Saint-Jean"," 66","Alma",N,N,"",3,378,"Brunelle-Duceppe","","Alexis","Bloc Québécois","Bloc Québécois",Y,Y,45
24033,"Lac-Saint-Jean","Lac-Saint-Jean"," 66","Alma",N,N,"",3,378,"Lemieux","","Denis","Liberal","Libéral",N,N,24
24033,"Lac-Saint-Jean","Lac-Saint-Jean"," 67","Alma",N,N,"",2,487,"Blackburn","","Dave","Conservative","Conservateur",N,N,71
24033,"Lac-Saint-Jean","Lac-Saint-Jean"," 67","Alma",N,N,"",2,487,"Boily-Maltais","","Hugues","NDP-New Democratic Party","NPD-Nouveau Parti démocratique",N,N,2
24033,"Lac-Saint-Jean","Lac-Saint-Jean"," 67","Alma",N,N,"",2,487,"Bouchard","","Lorie","People's Party - PPC","Parti populaire - PPC",N,N,2
24033,"Lac-Saint-Jean","Lac-Saint-Jean"," 67","Alma",N,N,"",2,487,"Brunelle-Duceppe","","Alexis","Bloc Québécois","Bloc Québécois",Y,Y,114
24033,"Lac-Saint-Jean","Lac-Saint-Jean"," 67","Alma",N,N,"",2,487,"Lemieux","","Denis","Liberal","Libéral",N,N,35
24033,"Lac-Saint-Jean","Lac-Saint-Jean"," 68","Alma",N,N,"",0,475,"Blackburn","","Dave","Conservative","Conservateur",N,N,48
24033,"Lac-Saint-Jean","Lac-Saint-Jean"," 68","Alma",N,N,"",0,475,"Boily-Maltais","","Hugues","NDP-New Democratic Party","NPD-Nouveau Parti démocratique",N,N,3
24033,"Lac-Saint-Jean","Lac-Saint-Jean"," 68","Alma",N,N,"",0,475,"Bouchard","","Lorie","People's Party - PPC","Parti populaire - PPC",N,N,4
24033,"Lac-Saint-Jean","Lac-Saint-Jean"," 68","Alma",N,N,"",0,475,"Brunelle-Duceppe","","Alexis","Bloc Québécois","Bloc Québécois",Y,Y,122
24033,"Lac-Saint-Jean","Lac-Saint-Jean"," 68","Alma",N,N,"",0,475,"Lemieux","","Denis","Liberal","Libéral",N,N,32
24033,"Lac-Saint-Jean","Lac-Saint-Jean"," 69","Saint-Félicien",N,N,"",4,368,"Blackburn","","Dave","Conservative","Conservateur",N,N,54
24033,"Lac-Saint-Jean","Lac-Saint-Jean"," 69","Saint-Félicien",N,N,"",4,368,"Boily-Maltais","","Hugues","NDP-New Democratic Party","NPD-Nouveau Parti démocratique",N,N,4
24033,"Lac-Saint-Jean","Lac-Saint-Jean"," 69","Saint-Félicien",N,N,"",4,368,"Bouchard","","Lorie","People's Party - PPC","Parti populaire - PPC",N,N,3
24033,"Lac-Saint-Jean","Lac-Saint-Jean"," 69","Saint-Félicien",N,N,"",4,368,"Brunelle-Duceppe","","Alexis","Bloc Québécois","Bloc Québécois",Y,Y,78
24033,"Lac-Saint-Jean","Lac-Saint-Jean"," 69","Saint-Félicien",N,N,"",4,368,"Lemieux","","Denis","Liberal","Libéral",N,N,40
24033,"Lac-Saint-Jean","Lac-Saint-Jean"," 70","Saint-Félicien",N,N,"",2,430,"Blackburn","","Dave","Conservative","Conservateur",N,N,60
24033,"Lac-Saint-Jean","Lac-Saint-Jean"," 70","Saint-Félicien",N,N,"",2,430,"Boily-Maltais","","Hugues","NDP-New Democratic Party","NPD-Nouveau Parti démocratique",N,N,3
24033,"Lac-Saint-Jean","Lac-Saint-Jean"," 70","Saint-Félicien",N,N,"",2,430,"Bouchard","","Lorie","People's Party - PPC","Parti populaire - PPC",N,N,3
24033,"Lac-Saint-Jean","Lac-Saint-Jean"," 70","Saint-Félicien",N,N,"",2,430,"Brunelle-Duceppe","","Alexis","Bloc Québécois","Bloc Québécois",Y,Y,85
24033,"Lac-Saint-Jean","Lac-Saint-Jean"," 70","Saint-Félicien",N,N,"",2,430,"Lemieux","","Denis","Liberal","Libéral",N,N,42
24033,"Lac-Saint-Jean","Lac-Saint-Jean"," 71","Saint-Félicien",N,N,"",2,485,"Blackburn","","Dave","Conservative","Conservateur",N,N,56
24033,"Lac-Saint-Jean","Lac-Saint-Jean"," 71","Saint-Félicien",N,N,"",2,485,"Boily-Maltais","","Hugues","NDP-New Democratic Party","NPD-Nouveau Parti démocratique",N,N,2
24033,"Lac-Saint-Jean","Lac-Saint-Jean"," 71","Saint-Félicien",N,N,"",2,485,"Bouchard","","Lorie","People's Party - PPC","Parti populaire - PPC",N,N,0
24033,"Lac-Saint-Jean","Lac-Saint-Jean"," 71","Saint-Félicien",N,N,"",2,485,"Brunelle-Duceppe","","Alexis","Bloc Québécois","Bloc Québécois",Y,Y,94
24033,"Lac-Saint-Jean","Lac-Saint-Jean"," 71","Saint-Félicien",N,N,"",2,485,"Lemieux","","Denis","Liberal","Libéral",N,N,68
24033,"Lac-Saint-Jean","Lac-Saint-Jean"," 72","Alma",N,N,"",1,316,"Blackburn","","Dave","Conservative","Conservateur",N,N,39
24033,"Lac-Saint-Jean","Lac-Saint-Jean"," 72","Alma",N,N,"",1,316,"Boily-Maltais","","Hugues","NDP-New Democratic Party","NPD-Nouveau Parti démocratique",N,N,1
24033,"Lac-Saint-Jean","Lac-Saint-Jean"," 72","Alma",N,N,"",1,316,"Bouchard","","Lorie","People's Party - PPC","Parti populaire - PPC",N,N,2
24033,"Lac-Saint-Jean","Lac-Saint-Jean"," 72","Alma",N,N,"",1,316,"Brunelle-Duceppe","","Alexis","Bloc Québécois","Bloc Québécois",Y,Y,32
24033,"Lac-Saint-Jean","Lac-Saint-Jean"," 72","Alma",N,N,"",1,316,"Lemieux","","Denis","Liberal","Libéral",N,N,28
24033,"Lac-Saint-Jean","Lac-Saint-Jean"," 73","Alma",N,N,"",4,424,"Blackburn","","Dave","Conservative","Conservateur",N,N,44
24033,"Lac-Saint-Jean","Lac-Saint-Jean"," 73","Alma",N,N,"",4,424,"Boily-Maltais","","Hugues","NDP-New Democratic Party","NPD-Nouveau Parti démocratique",N,N,8
24033,"Lac-Saint-Jean","Lac-Saint-Jean"," 73","Alma",N,N,"",4,424,"Bouchard","","Lorie","People's Party - PPC","Parti populaire - PPC",N,N,0
24033,"Lac-Saint-Jean","Lac-Saint-Jean"," 73","Alma",N,N,"",4,424,"Brunelle-Duceppe","","Alexis","Bloc Québécois","Bloc Québécois",Y,Y,98
24033,"Lac-Saint-Jean","Lac-Saint-Jean"," 73","Alma",N,N,"",4,424,"Lemieux","","Denis","Liberal","Libéral",N,N,60
24033,"Lac-Saint-Jean","Lac-Saint-Jean"," 74","Alma",N,N,"",3,454,"Blackburn","","Dave","Conservative","Conservateur",N,N,82
24033,"Lac-Saint-Jean","Lac-Saint-Jean"," 74","Alma",N,N,"",3,454,"Boily-Maltais","","Hugues","NDP-New Democratic Party","NPD-Nouveau Parti démocratique",N,N,5
24033,"Lac-Saint-Jean","Lac-Saint-Jean"," 74","Alma",N,N,"",3,454,"Bouchard","","Lorie","People's Party - PPC","Parti populaire - PPC",N,N,2
24033,"Lac-Saint-Jean","Lac-Saint-Jean"," 74","Alma",N,N,"",3,454,"Brunelle-Duceppe","","Alexis","Bloc Québécois","Bloc Québécois",Y,Y,94
24033,"Lac-Saint-Jean","Lac-Saint-Jean"," 74","Alma",N,N,"",3,454,"Lemieux","","Denis","Liberal","Libéral",N,N,42
24033,"Lac-Saint-Jean","Lac-Saint-Jean"," 75","Alma",N,N,"",0,439,"Blackburn","","Dave","Conservative","Conservateur",N,N,74
24033,"Lac-Saint-Jean","Lac-Saint-Jean"," 75","Alma",N,N,"",0,439,"Boily-Maltais","","Hugues","NDP-New Democratic Party","NPD-Nouveau Parti démocratique",N,N,3
24033,"Lac-Saint-Jean","Lac-Saint-Jean"," 75","Alma",N,N,"",0,439,"Bouchard","","Lorie","People's Party - PPC","Parti populaire - PPC",N,N,4
24033,"Lac-Saint-Jean","Lac-Saint-Jean"," 75","Alma",N,N,"",0,439,"Brunelle-Duceppe","","Alexis","Bloc Québécois","Bloc Québécois",Y,Y,136
24033,"Lac-Saint-Jean","Lac-Saint-Jean"," 75","Alma",N,N,"",0,439,"Lemieux","","Denis","Liberal","Libéral",N,N,47
24033,"Lac-Saint-Jean","Lac-Saint-Jean"," 76","Alma",N,N,"",6,431,"Blackburn","","Dave","Conservative","Conservateur",N,N,54
24033,"Lac-Saint-Jean","Lac-Saint-Jean"," 76","Alma",N,N,"",6,431,"Boily-Maltais","","Hugues","NDP-New Democratic Party","NPD-Nouveau Parti démocratique",N,N,3
24033,"Lac-Saint-Jean","Lac-Saint-Jean"," 76","Alma",N,N,"",6,431,"Bouchard","","Lorie","People's Party - PPC","Parti populaire - PPC",N,N,1
24033,"Lac-Saint-Jean","Lac-Saint-Jean"," 76","Alma",N,N,"",6,431,"Brunelle-Duceppe","","Alexis","Bloc Québécois","Bloc Québécois",Y,Y,119
24033,"Lac-Saint-Jean","Lac-Saint-Jean"," 76","Alma",N,N,"",6,431,"Lemieux","","Denis","Liberal","Libéral",N,N,48
24033,"Lac-Saint-Jean","Lac-Saint-Jean"," 77","Alma",N,N,"",1,403,"Blackburn","","Dave","Conservative","Conservateur",N,N,28
24033,"Lac-Saint-Jean","Lac-Saint-Jean"," 77","Alma",N,N,"",1,403,"Boily-Maltais","","Hugues","NDP-New Democratic Party","NPD-Nouveau Parti démocratique",N,N,6
24033,"Lac-Saint-Jean","Lac-Saint-Jean"," 77","Alma",N,N,"",1,403,"Bouchard","","Lorie","People's Party - PPC","Parti populaire - PPC",N,N,3
24033,"Lac-Saint-Jean","Lac-Saint-Jean"," 77","Alma",N,N,"",1,403,"Brunelle-Duceppe","","Alexis","Bloc Québécois","Bloc Québécois",Y,Y,95
24033,"Lac-Saint-Jean","Lac-Saint-Jean"," 77","Alma",N,N,"",1,403,"Lemieux","","Denis","Liberal","Libéral",N,N,20
24033,"Lac-Saint-Jean","Lac-Saint-Jean"," 78","Alma",N,N,"",2,394,"Blackburn","","Dave","Conservative","Conservateur",N,N,43
24033,"Lac-Saint-Jean","Lac-Saint-Jean"," 78","Alma",N,N,"",2,394,"Boily-Maltais","","Hugues","NDP-New Democratic Party","NPD-Nouveau Parti démocratique",N,N,2
24033,"Lac-Saint-Jean","Lac-Saint-Jean"," 78","Alma",N,N,"",2,394,"Bouchard","","Lorie","People's Party - PPC","Parti populaire - PPC",N,N,3
24033,"Lac-Saint-Jean","Lac-Saint-Jean"," 78","Alma",N,N,"",2,394,"Brunelle-Duceppe","","Alexis","Bloc Québécois","Bloc Québécois",Y,Y,97
24033,"Lac-Saint-Jean","Lac-Saint-Jean"," 78","Alma",N,N,"",2,394,"Lemieux","","Denis","Liberal","Libéral",N,N,17
24033,"Lac-Saint-Jean","Lac-Saint-Jean"," 79","Alma",N,N,"",3,407,"Blackburn","","Dave","Conservative","Conservateur",N,N,30
24033,"Lac-Saint-Jean","Lac-Saint-Jean"," 79","Alma",N,N,"",3,407,"Boily-Maltais","","Hugues","NDP-New Democratic Party","NPD-Nouveau Parti démocratique",N,N,2
24033,"Lac-Saint-Jean","Lac-Saint-Jean"," 79","Alma",N,N,"",3,407,"Bouchard","","Lorie","People's Party - PPC","Parti populaire - PPC",N,N,2
24033,"Lac-Saint-Jean","Lac-Saint-Jean"," 79","Alma",N,N,"",3,407,"Brunelle-Duceppe","","Alexis","Bloc Québécois","Bloc Québécois",Y,Y,85
24033,"Lac-Saint-Jean","Lac-Saint-Jean"," 79","Alma",N,N,"",3,407,"Lemieux","","Denis","Liberal","Libéral",N,N,38
24033,"Lac-Saint-Jean","Lac-Saint-Jean"," 80","Alma",N,N,"",2,491,"Blackburn","","Dave","Conservative","Conservateur",N,N,52
24033,"Lac-Saint-Jean","Lac-Saint-Jean"," 80","Alma",N,N,"",2,491,"Boily-Maltais","","Hugues","NDP-New Democratic Party","NPD-Nouveau Parti démocratique",N,N,3
24033,"Lac-Saint-Jean","Lac-Saint-Jean"," 80","Alma",N,N,"",2,491,"Bouchard","","Lorie","People's Party - PPC","Parti populaire - PPC",N,N,7
24033,"Lac-Saint-Jean","Lac-Saint-Jean"," 80","Alma",N,N,"",2,491,"Brunelle-Duceppe","","Alexis","Bloc Québécois","Bloc Québécois",Y,Y,101
24033,"Lac-Saint-Jean","Lac-Saint-Jean"," 80","Alma",N,N,"",2,491,"Lemieux","","Denis","Liberal","Libéral",N,N,57
24033,"Lac-Saint-Jean","Lac-Saint-Jean"," 81","Alma",N,N,"",2,382,"Blackburn","","Dave","Conservative","Conservateur",N,N,39
24033,"Lac-Saint-Jean","Lac-Saint-Jean"," 81","Alma",N,N,"",2,382,"Boily-Maltais","","Hugues","NDP-New Democratic Party","NPD-Nouveau Parti démocratique",N,N,2
24033,"Lac-Saint-Jean","Lac-Saint-Jean"," 81","Alma",N,N,"",2,382,"Bouchard","","Lorie","People's Party - PPC","Parti populaire - PPC",N,N,4
24033,"Lac-Saint-Jean","Lac-Saint-Jean"," 81","Alma",N,N,"",2,382,"Brunelle-Duceppe","","Alexis","Bloc Québécois","Bloc Québécois",Y,Y,63
24033,"Lac-Saint-Jean","Lac-Saint-Jean"," 81","Alma",N,N,"",2,382,"Lemieux","","Denis","Liberal","Libéral",N,N,15
24033,"Lac-Saint-Jean","Lac-Saint-Jean"," 82","Alma",N,N,"",2,367,"Blackburn","","Dave","Conservative","Conservateur",N,N,23
24033,"Lac-Saint-Jean","Lac-Saint-Jean"," 82","Alma",N,N,"",2,367,"Boily-Maltais","","Hugues","NDP-New Democratic Party","NPD-Nouveau Parti démocratique",N,N,4
24033,"Lac-Saint-Jean","Lac-Saint-Jean"," 82","Alma",N,N,"",2,367,"Bouchard","","Lorie","People's Party - PPC","Parti populaire - PPC",N,N,0
24033,"Lac-Saint-Jean","Lac-Saint-Jean"," 82","Alma",N,N,"",2,367,"Brunelle-Duceppe","","Alexis","Bloc Québécois","Bloc Québécois",Y,Y,72
24033,"Lac-Saint-Jean","Lac-Saint-Jean"," 82","Alma",N,N,"",2,367,"Lemieux","","Denis","Liberal","Libéral",N,N,26
24033,"Lac-Saint-Jean","Lac-Saint-Jean"," 83A","Alma",N,N,"",1,350,"Blackburn","","Dave","Conservative","Conservateur",N,N,24
24033,"Lac-Saint-Jean","Lac-Saint-Jean"," 83A","Alma",N,N,"",1,350,"Boily-Maltais","","Hugues","NDP-New Democratic Party","NPD-Nouveau Parti démocratique",N,N,2
24033,"Lac-Saint-Jean","Lac-Saint-Jean"," 83A","Alma",N,N,"",1,350,"Bouchard","","Lorie","People's Party - PPC","Parti populaire - PPC",N,N,2
24033,"Lac-Saint-Jean","Lac-Saint-Jean"," 83A","Alma",N,N,"",1,350,"Brunelle-Duceppe","","Alexis","Bloc Québécois","Bloc Québécois",Y,Y,73
24033,"Lac-Saint-Jean","Lac-Saint-Jean"," 83A","Alma",N,N,"",1,350,"Lemieux","","Denis","Liberal","Libéral",N,N,12
24033,"Lac-Saint-Jean","Lac-Saint-Jean"," 83B","Mobile poll/Bureau itinérant",N,N,"527",0,36,"Blackburn","","Dave","Conservative","Conservateur",N,N,0
24033,"Lac-Saint-Jean","Lac-Saint-Jean"," 83B","Mobile poll/Bureau itinérant",N,N,"527",0,36,"Boily-Maltais","","Hugues","NDP-New Democratic Party","NPD-Nouveau Parti démocratique",N,N,0
24033,"Lac-Saint-Jean","Lac-Saint-Jean"," 83B","Mobile poll/Bureau itinérant",N,N,"527",0,36,"Bouchard","","Lorie","People's Party - PPC","Parti populaire - PPC",N,N,0
24033,"Lac-Saint-Jean","Lac-Saint-Jean"," 83B","Mobile poll/Bureau itinérant",N,N,"527",0,36,"Brunelle-Duceppe","","Alexis","Bloc Québécois","Bloc Québécois",Y,Y,0
24033,"Lac-Saint-Jean","Lac-Saint-Jean"," 83B","Mobile poll/Bureau itinérant",N,N,"527",0,36,"Lemieux","","Denis","Liberal","Libéral",N,N,0
24033,"Lac-Saint-Jean","Lac-Saint-Jean"," 84","Alma",N,N,"",6,402,"Blackburn","","Dave","Conservative","Conservateur",N,N,58
24033,"Lac-Saint-Jean","Lac-Saint-Jean"," 84","Alma",N,N,"",6,402,"Boily-Maltais","","Hugues","NDP-New Democratic Party","NPD-Nouveau Parti démocratique",N,N,4
24033,"Lac-Saint-Jean","Lac-Saint-Jean"," 84","Alma",N,N,"",6,402,"Bouchard","","Lorie","People's Party - PPC","Parti populaire - PPC",N,N,3
24033,"Lac-Saint-Jean","Lac-Saint-Jean"," 84","Alma",N,N,"",6,402,"Brunelle-Duceppe","","Alexis","Bloc Québécois","Bloc Québécois",Y,Y,98
24033,"Lac-Saint-Jean","Lac-Saint-Jean"," 84","Alma",N,N,"",6,402,"Lemieux","","Denis","Liberal","Libéral",N,N,44
24033,"Lac-Saint-Jean","Lac-Saint-Jean"," 85","Alma",N,N,"",0,575,"Blackburn","","Dave","Conservative","Conservateur",N,N,83
24033,"Lac-Saint-Jean","Lac-Saint-Jean"," 85","Alma",N,N,"",0,575,"Boily-Maltais","","Hugues","NDP-New Democratic Party","NPD-Nouveau Parti démocratique",N,N,7
24033,"Lac-Saint-Jean","Lac-Saint-Jean"," 85","Alma",N,N,"",0,575,"Bouchard","","Lorie","People's Party - PPC","Parti populaire - PPC",N,N,2
24033,"Lac-Saint-Jean","Lac-Saint-Jean"," 85","Alma",N,N,"",0,575,"Brunelle-Duceppe","","Alexis","Bloc Québécois","Bloc Québécois",Y,Y,144
24033,"Lac-Saint-Jean","Lac-Saint-Jean"," 85","Alma",N,N,"",0,575,"Lemieux","","Denis","Liberal","Libéral",N,N,80
24033,"Lac-Saint-Jean","Lac-Saint-Jean"," 86","Alma",N,N,"",7,456,"Blackburn","","Dave","Conservative","Conservateur",N,N,56
24033,"Lac-Saint-Jean","Lac-Saint-Jean"," 86","Alma",N,N,"",7,456,"Boily-Maltais","","Hugues","NDP-New Democratic Party","NPD-Nouveau Parti démocratique",N,N,4
24033,"Lac-Saint-Jean","Lac-Saint-Jean"," 86","Alma",N,N,"",7,456,"Bouchard","","Lorie","People's Party - PPC","Parti populaire - PPC",N,N,4
24033,"Lac-Saint-Jean","Lac-Saint-Jean"," 86","Alma",N,N,"",7,456,"Brunelle-Duceppe","","Alexis","Bloc Québécois","Bloc Québécois",Y,Y,121
24033,"Lac-Saint-Jean","Lac-Saint-Jean"," 86","Alma",N,N,"",7,456,"Lemieux","","Denis","Liberal","Libéral",N,N,26
24033,"Lac-Saint-Jean","Lac-Saint-Jean"," 87","Alma",N,N,"",2,452,"Blackburn","","Dave","Conservative","Conservateur",N,N,59
24033,"Lac-Saint-Jean","Lac-Saint-Jean"," 87","Alma",N,N,"",2,452,"Boily-Maltais","","Hugues","NDP-New Democratic Party","NPD-Nouveau Parti démocratique",N,N,6
24033,"Lac-Saint-Jean","Lac-Saint-Jean"," 87","Alma",N,N,"",2,452,"Bouchard","","Lorie","People's Party - PPC","Parti populaire - PPC",N,N,4
24033,"Lac-Saint-Jean","Lac-Saint-Jean"," 87","Alma",N,N,"",2,452,"Brunelle-Duceppe","","Alexis","Bloc Québécois","Bloc Québécois",Y,Y,142
24033,"Lac-Saint-Jean","Lac-Saint-Jean"," 87","Alma",N,N,"",2,452,"Lemieux","","Denis","Liberal","Libéral",N,N,50
24033,"Lac-Saint-Jean","Lac-Saint-Jean"," 88","La Doré",N,N,"",0,280,"Blackburn","","Dave","Conservative","Conservateur",N,N,44
24033,"Lac-Saint-Jean","Lac-Saint-Jean"," 88","La Doré",N,N,"",0,280,"Boily-Maltais","","Hugues","NDP-New Democratic Party","NPD-Nouveau Parti démocratique",N,N,1
24033,"Lac-Saint-Jean","Lac-Saint-Jean"," 88","La Doré",N,N,"",0,280,"Bouchard","","Lorie","People's Party - PPC","Parti populaire - PPC",N,N,3
24033,"Lac-Saint-Jean","Lac-Saint-Jean"," 88","La Doré",N,N,"",0,280,"Brunelle-Duceppe","","Alexis","Bloc Québécois","Bloc Québécois",Y,Y,53
24033,"Lac-Saint-Jean","Lac-Saint-Jean"," 88","La Doré",N,N,"",0,280,"Lemieux","","Denis","Liberal","Libéral",N,N,26
24033,"Lac-Saint-Jean","Lac-Saint-Jean"," 89","La Doré",N,N,"",2,262,"Blackburn","","Dave","Conservative","Conservateur",N,N,47
24033,"Lac-Saint-Jean","Lac-Saint-Jean"," 89","La Doré",N,N,"",2,262,"Boily-Maltais","","Hugues","NDP-New Democratic Party","NPD-Nouveau Parti démocratique",N,N,5
24033,"Lac-Saint-Jean","Lac-Saint-Jean"," 89","La Doré",N,N,"",2,262,"Bouchard","","Lorie","People's Party - PPC","Parti populaire - PPC",N,N,1
24033,"Lac-Saint-Jean","Lac-Saint-Jean"," 89","La Doré",N,N,"",2,262,"Brunelle-Duceppe","","Alexis","Bloc Québécois","Bloc Québécois",Y,Y,53
24033,"Lac-Saint-Jean","Lac-Saint-Jean"," 89","La Doré",N,N,"",2,262,"Lemieux","","Denis","Liberal","Libéral",N,N,19
24033,"Lac-Saint-Jean","Lac-Saint-Jean"," 90","La Doré",N,N,"",2,286,"Blackburn","","Dave","Conservative","Conservateur",N,N,49
24033,"Lac-Saint-Jean","Lac-Saint-Jean"," 90","La Doré",N,N,"",2,286,"Boily-Maltais","","Hugues","NDP-New Democratic Party","NPD-Nouveau Parti démocratique",N,N,0
24033,"Lac-Saint-Jean","Lac-Saint-Jean"," 90","La Doré",N,N,"",2,286,"Bouchard","","Lorie","People's Party - PPC","Parti populaire - PPC",N,N,2
24033,"Lac-Saint-Jean","Lac-Saint-Jean"," 90","La Doré",N,N,"",2,286,"Brunelle-Duceppe","","Alexis","Bloc Québécois","Bloc Québécois",Y,Y,54
24033,"Lac-Saint-Jean","Lac-Saint-Jean"," 90","La Doré",N,N,"",2,286,"Lemieux","","Denis","Liberal","Libéral",N,N,22
24033,"Lac-Saint-Jean","Lac-Saint-Jean"," 91","La Doré",N,N,"",0,273,"Blackburn","","Dave","Conservative","Conservateur",N,N,53
24033,"Lac-Saint-Jean","Lac-Saint-Jean"," 91","La Doré",N,N,"",0,273,"Boily-Maltais","","Hugues","NDP-New Democratic Party","NPD-Nouveau Parti démocratique",N,N,3
24033,"Lac-Saint-Jean","Lac-Saint-Jean"," 91","La Doré",N,N,"",0,273,"Bouchard","","Lorie","People's Party - PPC","Parti populaire - PPC",N,N,1
24033,"Lac-Saint-Jean","Lac-Saint-Jean"," 91","La Doré",N,N,"",0,273,"Brunelle-Duceppe","","Alexis","Bloc Québécois","Bloc Québécois",Y,Y,53
24033,"Lac-Saint-Jean","Lac-Saint-Jean"," 91","La Doré",N,N,"",0,273,"Lemieux","","Denis","Liberal","Libéral",N,N,15
24033,"Lac-Saint-Jean","Lac-Saint-Jean"," 92","Alma",N,N,"",4,396,"Blackburn","","Dave","Conservative","Conservateur",N,N,25
24033,"Lac-Saint-Jean","Lac-Saint-Jean"," 92","Alma",N,N,"",4,396,"Boily-Maltais","","Hugues","NDP-New Democratic Party","NPD-Nouveau Parti démocratique",N,N,3
24033,"Lac-Saint-Jean","Lac-Saint-Jean"," 92","Alma",N,N,"",4,396,"Bouchard","","Lorie","People's Party - PPC","Parti populaire - PPC",N,N,5
24033,"Lac-Saint-Jean","Lac-Saint-Jean"," 92","Alma",N,N,"",4,396,"Brunelle-Duceppe","","Alexis","Bloc Québécois","Bloc Québécois",Y,Y,75
24033,"Lac-Saint-Jean","Lac-Saint-Jean"," 92","Alma",N,N,"",4,396,"Lemieux","","Denis","Liberal","Libéral",N,N,13
24033,"Lac-Saint-Jean","Lac-Saint-Jean"," 93","Alma",N,N,"",3,326,"Blackburn","","Dave","Conservative","Conservateur",N,N,27
24033,"Lac-Saint-Jean","Lac-Saint-Jean"," 93","Alma",N,N,"",3,326,"Boily-Maltais","","Hugues","NDP-New Democratic Party","NPD-Nouveau Parti démocratique",N,N,3
24033,"Lac-Saint-Jean","Lac-Saint-Jean"," 93","Alma",N,N,"",3,326,"Bouchard","","Lorie","People's Party - PPC","Parti populaire - PPC",N,N,1
24033,"Lac-Saint-Jean","Lac-Saint-Jean"," 93","Alma",N,N,"",3,326,"Brunelle-Duceppe","","Alexis","Bloc Québécois","Bloc Québécois",Y,Y,56
24033,"Lac-Saint-Jean","Lac-Saint-Jean"," 93","Alma",N,N,"",3,326,"Lemieux","","Denis","Liberal","Libéral",N,N,15
24033,"Lac-Saint-Jean","Lac-Saint-Jean"," 94","Alma",N,N,"",2,322,"Blackburn","","Dave","Conservative","Conservateur",N,N,24
24033,"Lac-Saint-Jean","Lac-Saint-Jean"," 94","Alma",N,N,"",2,322,"Boily-Maltais","","Hugues","NDP-New Democratic Party","NPD-Nouveau Parti démocratique",N,N,4
24033,"Lac-Saint-Jean","Lac-Saint-Jean"," 94","Alma",N,N,"",2,322,"Bouchard","","Lorie","People's Party - PPC","Parti populaire - PPC",N,N,2
24033,"Lac-Saint-Jean","Lac-Saint-Jean"," 94","Alma",N,N,"",2,322,"Brunelle-Duceppe","","Alexis","Bloc Québécois","Bloc Québécois",Y,Y,68
24033,"Lac-Saint-Jean","Lac-Saint-Jean"," 94","Alma",N,N,"",2,322,"Lemieux","","Denis","Liberal","Libéral",N,N,18
24033,"Lac-Saint-Jean","Lac-Saint-Jean"," 95","Alma",N,N,"",0,333,"Blackburn","","Dave","Conservative","Conservateur",N,N,25
24033,"Lac-Saint-Jean","Lac-Saint-Jean"," 95","Alma",N,N,"",0,333,"Boily-Maltais","","Hugues","NDP-New Democratic Party","NPD-Nouveau Parti démocratique",N,N,7
24033,"Lac-Saint-Jean","Lac-Saint-Jean"," 95","Alma",N,N,"",0,333,"Bouchard","","Lorie","People's Party - PPC","Parti populaire - PPC",N,N,4
24033,"Lac-Saint-Jean","Lac-Saint-Jean"," 95","Alma",N,N,"",0,333,"Brunelle-Duceppe","","Alexis","Bloc Québécois","Bloc Québécois",Y,Y,74
24033,"Lac-Saint-Jean","Lac-Saint-Jean"," 95","Alma",N,N,"",0,333,"Lemieux","","Denis","Liberal","Libéral",N,N,23
24033,"Lac-Saint-Jean","Lac-Saint-Jean"," 96","Alma",N,N,"",1,426,"Blackburn","","Dave","Conservative","Conservateur",N,N,54
24033,"Lac-Saint-Jean","Lac-Saint-Jean"," 96","Alma",N,N,"",1,426,"Boily-Maltais","","Hugues","NDP-New Democratic Party","NPD-Nouveau Parti démocratique",N,N,3
24033,"Lac-Saint-Jean","Lac-Saint-Jean"," 96","Alma",N,N,"",1,426,"Bouchard","","Lorie","People's Party - PPC","Parti populaire - PPC",N,N,1
24033,"Lac-Saint-Jean","Lac-Saint-Jean"," 96","Alma",N,N,"",1,426,"Brunelle-Duceppe","","Alexis","Bloc Québécois","Bloc Québécois",Y,Y,85
24033,"Lac-Saint-Jean","Lac-Saint-Jean"," 96","Alma",N,N,"",1,426,"Lemieux","","Denis","Liberal","Libéral",N,N,36
24033,"Lac-Saint-Jean","Lac-Saint-Jean"," 97","Alma",N,N,"",0,365,"Blackburn","","Dave","Conservative","Conservateur",N,N,30
24033,"Lac-Saint-Jean","Lac-Saint-Jean"," 97","Alma",N,N,"",0,365,"Boily-Maltais","","Hugues","NDP-New Democratic Party","NPD-Nouveau Parti démocratique",N,N,5
24033,"Lac-Saint-Jean","Lac-Saint-Jean"," 97","Alma",N,N,"",0,365,"Bouchard","","Lorie","People's Party - PPC","Parti populaire - PPC",N,N,1
24033,"Lac-Saint-Jean","Lac-Saint-Jean"," 97","Alma",N,N,"",0,365,"Brunelle-Duceppe","","Alexis","Bloc Québécois","Bloc Québécois",Y,Y,74
24033,"Lac-Saint-Jean","Lac-Saint-Jean"," 97","Alma",N,N,"",0,365,"Lemieux","","Denis","Liberal","Libéral",N,N,28
24033,"Lac-Saint-Jean","Lac-Saint-Jean"," 98","Alma",N,N,"",5,385,"Blackburn","","Dave","Conservative","Conservateur",N,N,33
24033,"Lac-Saint-Jean","Lac-Saint-Jean"," 98","Alma",N,N,"",5,385,"Boily-Maltais","","Hugues","NDP-New Democratic Party","NPD-Nouveau Parti démocratique",N,N,4
24033,"Lac-Saint-Jean","Lac-Saint-Jean"," 98","Alma",N,N,"",5,385,"Bouchard","","Lorie","People's Party - PPC","Parti populaire - PPC",N,N,3
24033,"Lac-Saint-Jean","Lac-Saint-Jean"," 98","Alma",N,N,"",5,385,"Brunelle-Duceppe","","Alexis","Bloc Québécois","Bloc Québécois",Y,Y,97
24033,"Lac-Saint-Jean","Lac-Saint-Jean"," 98","Alma",N,N,"",5,385,"Lemieux","","Denis","Liberal","Libéral",N,N,29
24033,"Lac-Saint-Jean","Lac-Saint-Jean"," 99","Alma",N,N,"",4,387,"Blackburn","","Dave","Conservative","Conservateur",N,N,32
24033,"Lac-Saint-Jean","Lac-Saint-Jean"," 99","Alma",N,N,"",4,387,"Boily-Maltais","","Hugues","NDP-New Democratic Party","NPD-Nouveau Parti démocratique",N,N,7
24033,"Lac-Saint-Jean","Lac-Saint-Jean"," 99","Alma",N,N,"",4,387,"Bouchard","","Lorie","People's Party - PPC","Parti populaire - PPC",N,N,2
24033,"Lac-Saint-Jean","Lac-Saint-Jean"," 99","Alma",N,N,"",4,387,"Brunelle-Duceppe","","Alexis","Bloc Québécois","Bloc Québécois",Y,Y,85
24033,"Lac-Saint-Jean","Lac-Saint-Jean"," 99","Alma",N,N,"",4,387,"Lemieux","","Denis","Liberal","Libéral",N,N,23
24033,"Lac-Saint-Jean","Lac-Saint-Jean"," 100","Alma",N,N,"",0,367,"Blackburn","","Dave","Conservative","Conservateur",N,N,43
24033,"Lac-Saint-Jean","Lac-Saint-Jean"," 100","Alma",N,N,"",0,367,"Boily-Maltais","","Hugues","NDP-New Democratic Party","NPD-Nouveau Parti démocratique",N,N,2
24033,"Lac-Saint-Jean","Lac-Saint-Jean"," 100","Alma",N,N,"",0,367,"Bouchard","","Lorie","People's Party - PPC","Parti populaire - PPC",N,N,0
24033,"Lac-Saint-Jean","Lac-Saint-Jean"," 100","Alma",N,N,"",0,367,"Brunelle-Duceppe","","Alexis","Bloc Québécois","Bloc Québécois",Y,Y,104
24033,"Lac-Saint-Jean","Lac-Saint-Jean"," 100","Alma",N,N,"",0,367,"Lemieux","","Denis","Liberal","Libéral",N,N,38
24033,"Lac-Saint-Jean","Lac-Saint-Jean"," 101","Alma",N,N,"",4,430,"Blackburn","","Dave","Conservative","Conservateur",N,N,62
24033,"Lac-Saint-Jean","Lac-Saint-Jean"," 101","Alma",N,N,"",4,430,"Boily-Maltais","","Hugues","NDP-New Democratic Party","NPD-Nouveau Parti démocratique",N,N,2
24033,"Lac-Saint-Jean","Lac-Saint-Jean"," 101","Alma",N,N,"",4,430,"Bouchard","","Lorie","People's Party - PPC","Parti populaire - PPC",N,N,1
24033,"Lac-Saint-Jean","Lac-Saint-Jean"," 101","Alma",N,N,"",4,430,"Brunelle-Duceppe","","Alexis","Bloc Québécois","Bloc Québécois",Y,Y,98
24033,"Lac-Saint-Jean","Lac-Saint-Jean"," 101","Alma",N,N,"",4,430,"Lemieux","","Denis","Liberal","Libéral",N,N,43
24033,"Lac-Saint-Jean","Lac-Saint-Jean"," 102","Alma",N,N,"",0,399,"Blackburn","","Dave","Conservative","Conservateur",N,N,34
24033,"Lac-Saint-Jean","Lac-Saint-Jean"," 102","Alma",N,N,"",0,399,"Boily-Maltais","","Hugues","NDP-New Democratic Party","NPD-Nouveau Parti démocratique",N,N,0
24033,"Lac-Saint-Jean","Lac-Saint-Jean"," 102","Alma",N,N,"",0,399,"Bouchard","","Lorie","People's Party - PPC","Parti populaire - PPC",N,N,2
24033,"Lac-Saint-Jean","Lac-Saint-Jean"," 102","Alma",N,N,"",0,399,"Brunelle-Duceppe","","Alexis","Bloc Québécois","Bloc Québécois",Y,Y,99
24033,"Lac-Saint-Jean","Lac-Saint-Jean"," 102","Alma",N,N,"",0,399,"Lemieux","","Denis","Liberal","Libéral",N,N,49
24033,"Lac-Saint-Jean","Lac-Saint-Jean"," 103","Alma",N,N,"",1,391,"Blackburn","","Dave","Conservative","Conservateur",N,N,34
24033,"Lac-Saint-Jean","Lac-Saint-Jean"," 103","Alma",N,N,"",1,391,"Boily-Maltais","","Hugues","NDP-New Democratic Party","NPD-Nouveau Parti démocratique",N,N,2
24033,"Lac-Saint-Jean","Lac-Saint-Jean"," 103","Alma",N,N,"",1,391,"Bouchard","","Lorie","People's Party - PPC","Parti populaire - PPC",N,N,0
24033,"Lac-Saint-Jean","Lac-Saint-Jean"," 103","Alma",N,N,"",1,391,"Brunelle-Duceppe","","Alexis","Bloc Québécois","Bloc Québécois",Y,Y,107
24033,"Lac-Saint-Jean","Lac-Saint-Jean"," 103","Alma",N,N,"",1,391,"Lemieux","","Denis","Liberal","Libéral",N,N,29
24033,"Lac-Saint-Jean","Lac-Saint-Jean"," 104","Alma",N,N,"",4,415,"Blackburn","","Dave","Conservative","Conservateur",N,N,48
24033,"Lac-Saint-Jean","Lac-Saint-Jean"," 104","Alma",N,N,"",4,415,"Boily-Maltais","","Hugues","NDP-New Democratic Party","NPD-Nouveau Parti démocratique",N,N,2
24033,"Lac-Saint-Jean","Lac-Saint-Jean"," 104","Alma",N,N,"",4,415,"Bouchard","","Lorie","People's Party - PPC","Parti populaire - PPC",N,N,0
24033,"Lac-Saint-Jean","Lac-Saint-Jean"," 104","Alma",N,N,"",4,415,"Brunelle-Duceppe","","Alexis","Bloc Québécois","Bloc Québécois",Y,Y,125
24033,"Lac-Saint-Jean","Lac-Saint-Jean"," 104","Alma",N,N,"",4,415,"Lemieux","","Denis","Liberal","Libéral",N,N,51
24033,"Lac-Saint-Jean","Lac-Saint-Jean"," 105","Alma",N,N,"",4,454,"Blackburn","","Dave","Conservative","Conservateur",N,N,37
24033,"Lac-Saint-Jean","Lac-Saint-Jean"," 105","Alma",N,N,"",4,454,"Boily-Maltais","","Hugues","NDP-New Democratic Party","NPD-Nouveau Parti démocratique",N,N,6
24033,"Lac-Saint-Jean","Lac-Saint-Jean"," 105","Alma",N,N,"",4,454,"Bouchard","","Lorie","People's Party - PPC","Parti populaire - PPC",N,N,2
24033,"Lac-Saint-Jean","Lac-Saint-Jean"," 105","Alma",N,N,"",4,454,"Brunelle-Duceppe","","Alexis","Bloc Québécois","Bloc Québécois",Y,Y,104
24033,"Lac-Saint-Jean","Lac-Saint-Jean"," 105","Alma",N,N,"",4,454,"Lemieux","","Denis","Liberal","Libéral",N,N,46
24033,"Lac-Saint-Jean","Lac-Saint-Jean"," 106","Alma",N,N,"",3,432,"Blackburn","","Dave","Conservative","Conservateur",N,N,33
24033,"Lac-Saint-Jean","Lac-Saint-Jean"," 106","Alma",N,N,"",3,432,"Boily-Maltais","","Hugues","NDP-New Democratic Party","NPD-Nouveau Parti démocratique",N,N,3
24033,"Lac-Saint-Jean","Lac-Saint-Jean"," 106","Alma",N,N,"",3,432,"Bouchard","","Lorie","People's Party - PPC","Parti populaire - PPC",N,N,1
24033,"Lac-Saint-Jean","Lac-Saint-Jean"," 106","Alma",N,N,"",3,432,"Brunelle-Duceppe","","Alexis","Bloc Québécois","Bloc Québécois",Y,Y,100
24033,"Lac-Saint-Jean","Lac-Saint-Jean"," 106","Alma",N,N,"",3,432,"Lemieux","","Denis","Liberal","Libéral",N,N,45
24033,"Lac-Saint-Jean","Lac-Saint-Jean"," 107","Alma",N,N,"",4,429,"Blackburn","","Dave","Conservative","Conservateur",N,N,42
24033,"Lac-Saint-Jean","Lac-Saint-Jean"," 107","Alma",N,N,"",4,429,"Boily-Maltais","","Hugues","NDP-New Democratic Party","NPD-Nouveau Parti démocratique",N,N,3
24033,"Lac-Saint-Jean","Lac-Saint-Jean"," 107","Alma",N,N,"",4,429,"Bouchard","","Lorie","People's Party - PPC","Parti populaire - PPC",N,N,1
24033,"Lac-Saint-Jean","Lac-Saint-Jean"," 107","Alma",N,N,"",4,429,"Brunelle-Duceppe","","Alexis","Bloc Québécois","Bloc Québécois",Y,Y,93
24033,"Lac-Saint-Jean","Lac-Saint-Jean"," 107","Alma",N,N,"",4,429,"Lemieux","","Denis","Liberal","Libéral",N,N,37
24033,"Lac-Saint-Jean","Lac-Saint-Jean"," 108","Alma",N,N,"",0,412,"Blackburn","","Dave","Conservative","Conservateur",N,N,42
24033,"Lac-Saint-Jean","Lac-Saint-Jean"," 108","Alma",N,N,"",0,412,"Boily-Maltais","","Hugues","NDP-New Democratic Party","NPD-Nouveau Parti démocratique",N,N,3
24033,"Lac-Saint-Jean","Lac-Saint-Jean"," 108","Alma",N,N,"",0,412,"Bouchard","","Lorie","People's Party - PPC","Parti populaire - PPC",N,N,3
24033,"Lac-Saint-Jean","Lac-Saint-Jean"," 108","Alma",N,N,"",0,412,"Brunelle-Duceppe","","Alexis","Bloc Québécois","Bloc Québécois",Y,Y,96
24033,"Lac-Saint-Jean","Lac-Saint-Jean"," 108","Alma",N,N,"",0,412,"Lemieux","","Denis","Liberal","Libéral",N,N,46
24033,"Lac-Saint-Jean","Lac-Saint-Jean"," 109","Alma",N,N,"",6,428,"Blackburn","","Dave","Conservative","Conservateur",N,N,40
24033,"Lac-Saint-Jean","Lac-Saint-Jean"," 109","Alma",N,N,"",6,428,"Boily-Maltais","","Hugues","NDP-New Democratic Party","NPD-Nouveau Parti démocratique",N,N,3
24033,"Lac-Saint-Jean","Lac-Saint-Jean"," 109","Alma",N,N,"",6,428,"Bouchard","","Lorie","People's Party - PPC","Parti populaire - PPC",N,N,2
24033,"Lac-Saint-Jean","Lac-Saint-Jean"," 109","Alma",N,N,"",6,428,"Brunelle-Duceppe","","Alexis","Bloc Québécois","Bloc Québécois",Y,Y,109
24033,"Lac-Saint-Jean","Lac-Saint-Jean"," 109","Alma",N,N,"",6,428,"Lemieux","","Denis","Liberal","Libéral",N,N,41
24033,"Lac-Saint-Jean","Lac-Saint-Jean"," 110","Alma",N,N,"",2,441,"Blackburn","","Dave","Conservative","Conservateur",N,N,54
24033,"Lac-Saint-Jean","Lac-Saint-Jean"," 110","Alma",N,N,"",2,441,"Boily-Maltais","","Hugues","NDP-New Democratic Party","NPD-Nouveau Parti démocratique",N,N,1
24033,"Lac-Saint-Jean","Lac-Saint-Jean"," 110","Alma",N,N,"",2,441,"Bouchard","","Lorie","People's Party - PPC","Parti populaire - PPC",N,N,1
24033,"Lac-Saint-Jean","Lac-Saint-Jean"," 110","Alma",N,N,"",2,441,"Brunelle-Duceppe","","Alexis","Bloc Québécois","Bloc Québécois",Y,Y,119
24033,"Lac-Saint-Jean","Lac-Saint-Jean"," 110","Alma",N,N,"",2,441,"Lemieux","","Denis","Liberal","Libéral",N,N,60
24033,"Lac-Saint-Jean","Lac-Saint-Jean"," 111","Alma",N,N,"",1,330,"Blackburn","","Dave","Conservative","Conservateur",N,N,34
24033,"Lac-Saint-Jean","Lac-Saint-Jean"," 111","Alma",N,N,"",1,330,"Boily-Maltais","","Hugues","NDP-New Democratic Party","NPD-Nouveau Parti démocratique",N,N,1
24033,"Lac-Saint-Jean","Lac-Saint-Jean"," 111","Alma",N,N,"",1,330,"Bouchard","","Lorie","People's Party - PPC","Parti populaire - PPC",N,N,3
24033,"Lac-Saint-Jean","Lac-Saint-Jean"," 111","Alma",N,N,"",1,330,"Brunelle-Duceppe","","Alexis","Bloc Québécois","Bloc Québécois",Y,Y,86
24033,"Lac-Saint-Jean","Lac-Saint-Jean"," 111","Alma",N,N,"",1,330,"Lemieux","","Denis","Liberal","Libéral",N,N,35
24033,"Lac-Saint-Jean","Lac-Saint-Jean"," 112","Alma",N,N,"",0,410,"Blackburn","","Dave","Conservative","Conservateur",N,N,58
24033,"Lac-Saint-Jean","Lac-Saint-Jean"," 112","Alma",N,N,"",0,410,"Boily-Maltais","","Hugues","NDP-New Democratic Party","NPD-Nouveau Parti démocratique",N,N,4
24033,"Lac-Saint-Jean","Lac-Saint-Jean"," 112","Alma",N,N,"",0,410,"Bouchard","","Lorie","People's Party - PPC","Parti populaire - PPC",N,N,5
24033,"Lac-Saint-Jean","Lac-Saint-Jean"," 112","Alma",N,N,"",0,410,"Brunelle-Duceppe","","Alexis","Bloc Québécois","Bloc Québécois",Y,Y,87
24033,"Lac-Saint-Jean","Lac-Saint-Jean"," 112","Alma",N,N,"",0,410,"Lemieux","","Denis","Liberal","Libéral",N,N,37
24033,"Lac-Saint-Jean","Lac-Saint-Jean"," 113","Alma",N,N,"",2,385,"Blackburn","","Dave","Conservative","Conservateur",N,N,43
24033,"Lac-Saint-Jean","Lac-Saint-Jean"," 113","Alma",N,N,"",2,385,"Boily-Maltais","","Hugues","NDP-New Democratic Party","NPD-Nouveau Parti démocratique",N,N,0
24033,"Lac-Saint-Jean","Lac-Saint-Jean"," 113","Alma",N,N,"",2,385,"Bouchard","","Lorie","People's Party - PPC","Parti populaire - PPC",N,N,1
24033,"Lac-Saint-Jean","Lac-Saint-Jean"," 113","Alma",N,N,"",2,385,"Brunelle-Duceppe","","Alexis","Bloc Québécois","Bloc Québécois",Y,Y,84
24033,"Lac-Saint-Jean","Lac-Saint-Jean"," 113","Alma",N,N,"",2,385,"Lemieux","","Denis","Liberal","Libéral",N,N,26
24033,"Lac-Saint-Jean","Lac-Saint-Jean"," 114","Alma",N,N,"",2,327,"Blackburn","","Dave","Conservative","Conservateur",N,N,34
24033,"Lac-Saint-Jean","Lac-Saint-Jean"," 114","Alma",N,N,"",2,327,"Boily-Maltais","","Hugues","NDP-New Democratic Party","NPD-Nouveau Parti démocratique",N,N,1
24033,"Lac-Saint-Jean","Lac-Saint-Jean"," 114","Alma",N,N,"",2,327,"Bouchard","","Lorie","People's Party - PPC","Parti populaire - PPC",N,N,4
24033,"Lac-Saint-Jean","Lac-Saint-Jean"," 114","Alma",N,N,"",2,327,"Brunelle-Duceppe","","Alexis","Bloc Québécois","Bloc Québécois",Y,Y,54
24033,"Lac-Saint-Jean","Lac-Saint-Jean"," 114","Alma",N,N,"",2,327,"Lemieux","","Denis","Liberal","Libéral",N,N,39
24033,"Lac-Saint-Jean","Lac-Saint-Jean"," 115","Alma",N,N,"",1,318,"Blackburn","","Dave","Conservative","Conservateur",N,N,40
24033,"Lac-Saint-Jean","Lac-Saint-Jean"," 115","Alma",N,N,"",1,318,"Boily-Maltais","","Hugues","NDP-New Democratic Party","NPD-Nouveau Parti démocratique",N,N,3
24033,"Lac-Saint-Jean","Lac-Saint-Jean"," 115","Alma",N,N,"",1,318,"Bouchard","","Lorie","People's Party - PPC","Parti populaire - PPC",N,N,1
24033,"Lac-Saint-Jean","Lac-Saint-Jean"," 115","Alma",N,N,"",1,318,"Brunelle-Duceppe","","Alexis","Bloc Québécois","Bloc Québécois",Y,Y,48
24033,"Lac-Saint-Jean","Lac-Saint-Jean"," 115","Alma",N,N,"",1,318,"Lemieux","","Denis","Liberal","Libéral",N,N,24
24033,"Lac-Saint-Jean","Lac-Saint-Jean"," 116","Alma",N,N,"",1,412,"Blackburn","","Dave","Conservative","Conservateur",N,N,37
24033,"Lac-Saint-Jean","Lac-Saint-Jean"," 116","Alma",N,N,"",1,412,"Boily-Maltais","","Hugues","NDP-New Democratic Party","NPD-Nouveau Parti démocratique",N,N,3
24033,"Lac-Saint-Jean","Lac-Saint-Jean"," 116","Alma",N,N,"",1,412,"Bouchard","","Lorie","People's Party - PPC","Parti populaire - PPC",N,N,2
24033,"Lac-Saint-Jean","Lac-Saint-Jean"," 116","Alma",N,N,"",1,412,"Brunelle-Duceppe","","Alexis","Bloc Québécois","Bloc Québécois",Y,Y,121
24033,"Lac-Saint-Jean","Lac-Saint-Jean"," 116","Alma",N,N,"",1,412,"Lemieux","","Denis","Liberal","Libéral",N,N,42
24033,"Lac-Saint-Jean","Lac-Saint-Jean"," 117","Alma",N,N,"",4,390,"Blackburn","","Dave","Conservative","Conservateur",N,N,48
24033,"Lac-Saint-Jean","Lac-Saint-Jean"," 117","Alma",N,N,"",4,390,"Boily-Maltais","","Hugues","NDP-New Democratic Party","NPD-Nouveau Parti démocratique",N,N,2
24033,"Lac-Saint-Jean","Lac-Saint-Jean"," 117","Alma",N,N,"",4,390,"Bouchard","","Lorie","People's Party - PPC","Parti populaire - PPC",N,N,0
24033,"Lac-Saint-Jean","Lac-Saint-Jean"," 117","Alma",N,N,"",4,390,"Brunelle-Duceppe","","Alexis","Bloc Québécois","Bloc Québécois",Y,Y,97
24033,"Lac-Saint-Jean","Lac-Saint-Jean"," 117","Alma",N,N,"",4,390,"Lemieux","","Denis","Liberal","Libéral",N,N,33
24033,"Lac-Saint-Jean","Lac-Saint-Jean"," 118","Alma",N,N,"",2,375,"Blackburn","","Dave","Conservative","Conservateur",N,N,43
24033,"Lac-Saint-Jean","Lac-Saint-Jean"," 118","Alma",N,N,"",2,375,"Boily-Maltais","","Hugues","NDP-New Democratic Party","NPD-Nouveau Parti démocratique",N,N,0
24033,"Lac-Saint-Jean","Lac-Saint-Jean"," 118","Alma",N,N,"",2,375,"Bouchard","","Lorie","People's Party - PPC","Parti populaire - PPC",N,N,1
24033,"Lac-Saint-Jean","Lac-Saint-Jean"," 118","Alma",N,N,"",2,375,"Brunelle-Duceppe","","Alexis","Bloc Québécois","Bloc Québécois",Y,Y,95
24033,"Lac-Saint-Jean","Lac-Saint-Jean"," 118","Alma",N,N,"",2,375,"Lemieux","","Denis","Liberal","Libéral",N,N,44
24033,"Lac-Saint-Jean","Lac-Saint-Jean"," 119","Alma",N,N,"",3,392,"Blackburn","","Dave","Conservative","Conservateur",N,N,51
24033,"Lac-Saint-Jean","Lac-Saint-Jean"," 119","Alma",N,N,"",3,392,"Boily-Maltais","","Hugues","NDP-New Democratic Party","NPD-Nouveau Parti démocratique",N,N,0
24033,"Lac-Saint-Jean","Lac-Saint-Jean"," 119","Alma",N,N,"",3,392,"Bouchard","","Lorie","People's Party - PPC","Parti populaire - PPC",N,N,2
24033,"Lac-Saint-Jean","Lac-Saint-Jean"," 119","Alma",N,N,"",3,392,"Brunelle-Duceppe","","Alexis","Bloc Québécois","Bloc Québécois",Y,Y,67
24033,"Lac-Saint-Jean","Lac-Saint-Jean"," 119","Alma",N,N,"",3,392,"Lemieux","","Denis","Liberal","Libéral",N,N,27
24033,"Lac-Saint-Jean","Lac-Saint-Jean"," 120","Alma",N,N,"",2,402,"Blackburn","","Dave","Conservative","Conservateur",N,N,57
24033,"Lac-Saint-Jean","Lac-Saint-Jean"," 120","Alma",N,N,"",2,402,"Boily-Maltais","","Hugues","NDP-New Democratic Party","NPD-Nouveau Parti démocratique",N,N,1
24033,"Lac-Saint-Jean","Lac-Saint-Jean"," 120","Alma",N,N,"",2,402,"Bouchard","","Lorie","People's Party - PPC","Parti populaire - PPC",N,N,2
24033,"Lac-Saint-Jean","Lac-Saint-Jean"," 120","Alma",N,N,"",2,402,"Brunelle-Duceppe","","Alexis","Bloc Québécois","Bloc Québécois",Y,Y,96
24033,"Lac-Saint-Jean","Lac-Saint-Jean"," 120","Alma",N,N,"",2,402,"Lemieux","","Denis","Liberal","Libéral",N,N,34
24033,"Lac-Saint-Jean","Lac-Saint-Jean"," 121","Saint-Félicien",N,N,"",1,394,"Blackburn","","Dave","Conservative","Conservateur",N,N,49
24033,"Lac-Saint-Jean","Lac-Saint-Jean"," 121","Saint-Félicien",N,N,"",1,394,"Boily-Maltais","","Hugues","NDP-New Democratic Party","NPD-Nouveau Parti démocratique",N,N,2
24033,"Lac-Saint-Jean","Lac-Saint-Jean"," 121","Saint-Félicien",N,N,"",1,394,"Bouchard","","Lorie","People's Party - PPC","Parti populaire - PPC",N,N,2
24033,"Lac-Saint-Jean","Lac-Saint-Jean"," 121","Saint-Félicien",N,N,"",1,394,"Brunelle-Duceppe","","Alexis","Bloc Québécois","Bloc Québécois",Y,Y,60
24033,"Lac-Saint-Jean","Lac-Saint-Jean"," 121","Saint-Félicien",N,N,"",1,394,"Lemieux","","Denis","Liberal","Libéral",N,N,45
24033,"Lac-Saint-Jean","Lac-Saint-Jean"," 122","Saint-Félicien",N,N,"",3,373,"Blackburn","","Dave","Conservative","Conservateur",N,N,41
24033,"Lac-Saint-Jean","Lac-Saint-Jean"," 122","Saint-Félicien",N,N,"",3,373,"Boily-Maltais","","Hugues","NDP-New Democratic Party","NPD-Nouveau Parti démocratique",N,N,1
24033,"Lac-Saint-Jean","Lac-Saint-Jean"," 122","Saint-Félicien",N,N,"",3,373,"Bouchard","","Lorie","People's Party - PPC","Parti populaire - PPC",N,N,0
24033,"Lac-Saint-Jean","Lac-Saint-Jean"," 122","Saint-Félicien",N,N,"",3,373,"Brunelle-Duceppe","","Alexis","Bloc Québécois","Bloc Québécois",Y,Y,97
24033,"Lac-Saint-Jean","Lac-Saint-Jean"," 122","Saint-Félicien",N,N,"",3,373,"Lemieux","","Denis","Liberal","Libéral",N,N,39
24033,"Lac-Saint-Jean","Lac-Saint-Jean"," 123","Saint-Félicien",N,N,"",0,319,"Blackburn","","Dave","Conservative","Conservateur",N,N,34
24033,"Lac-Saint-Jean","Lac-Saint-Jean"," 123","Saint-Félicien",N,N,"",0,319,"Boily-Maltais","","Hugues","NDP-New Democratic Party","NPD-Nouveau Parti démocratique",N,N,7
24033,"Lac-Saint-Jean","Lac-Saint-Jean"," 123","Saint-Félicien",N,N,"",0,319,"Bouchard","","Lorie","People's Party - PPC","Parti populaire - PPC",N,N,2
24033,"Lac-Saint-Jean","Lac-Saint-Jean"," 123","Saint-Félicien",N,N,"",0,319,"Brunelle-Duceppe","","Alexis","Bloc Québécois","Bloc Québécois",Y,Y,58
24033,"Lac-Saint-Jean","Lac-Saint-Jean"," 123","Saint-Félicien",N,N,"",0,319,"Lemieux","","Denis","Liberal","Libéral",N,N,37
24033,"Lac-Saint-Jean","Lac-Saint-Jean"," 124","Saint-Félicien",N,N,"",8,469,"Blackburn","","Dave","Conservative","Conservateur",N,N,70
24033,"Lac-Saint-Jean","Lac-Saint-Jean"," 124","Saint-Félicien",N,N,"",8,469,"Boily-Maltais","","Hugues","NDP-New Democratic Party","NPD-Nouveau Parti démocratique",N,N,2
24033,"Lac-Saint-Jean","Lac-Saint-Jean"," 124","Saint-Félicien",N,N,"",8,469,"Bouchard","","Lorie","People's Party - PPC","Parti populaire - PPC",N,N,1
24033,"Lac-Saint-Jean","Lac-Saint-Jean"," 124","Saint-Félicien",N,N,"",8,469,"Brunelle-Duceppe","","Alexis","Bloc Québécois","Bloc Québécois",Y,Y,73
24033,"Lac-Saint-Jean","Lac-Saint-Jean"," 124","Saint-Félicien",N,N,"",8,469,"Lemieux","","Denis","Liberal","Libéral",N,N,49
24033,"Lac-Saint-Jean","Lac-Saint-Jean"," 125","Saint-Gédéon",N,N,"",1,475,"Blackburn","","Dave","Conservative","Conservateur",N,N,39
24033,"Lac-Saint-Jean","Lac-Saint-Jean"," 125","Saint-Gédéon",N,N,"",1,475,"Boily-Maltais","","Hugues","NDP-New Democratic Party","NPD-Nouveau Parti démocratique",N,N,8
24033,"Lac-Saint-Jean","Lac-Saint-Jean"," 125","Saint-Gédéon",N,N,"",1,475,"Bouchard","","Lorie","People's Party - PPC","Parti populaire - PPC",N,N,0
24033,"Lac-Saint-Jean","Lac-Saint-Jean"," 125","Saint-Gédéon",N,N,"",1,475,"Brunelle-Duceppe","","Alexis","Bloc Québécois","Bloc Québécois",Y,Y,118
24033,"Lac-Saint-Jean","Lac-Saint-Jean"," 125","Saint-Gédéon",N,N,"",1,475,"Lemieux","","Denis","Liberal","Libéral",N,N,57
24033,"Lac-Saint-Jean","Lac-Saint-Jean"," 126","Saint-Gédéon",N,N,"",0,453,"Blackburn","","Dave","Conservative","Conservateur",N,N,62
24033,"Lac-Saint-Jean","Lac-Saint-Jean"," 126","Saint-Gédéon",N,N,"",0,453,"Boily-Maltais","","Hugues","NDP-New Democratic Party","NPD-Nouveau Parti démocratique",N,N,3
24033,"Lac-Saint-Jean","Lac-Saint-Jean"," 126","Saint-Gédéon",N,N,"",0,453,"Bouchard","","Lorie","People's Party - PPC","Parti populaire - PPC",N,N,2
24033,"Lac-Saint-Jean","Lac-Saint-Jean"," 126","Saint-Gédéon",N,N,"",0,453,"Brunelle-Duceppe","","Alexis","Bloc Québécois","Bloc Québécois",Y,Y,115
24033,"Lac-Saint-Jean","Lac-Saint-Jean"," 126","Saint-Gédéon",N,N,"",0,453,"Lemieux","","Denis","Liberal","Libéral",N,N,65
24033,"Lac-Saint-Jean","Lac-Saint-Jean"," 127","Saint-Gédéon",N,N,"",2,293,"Blackburn","","Dave","Conservative","Conservateur",N,N,28
24033,"Lac-Saint-Jean","Lac-Saint-Jean"," 127","Saint-Gédéon",N,N,"",2,293,"Boily-Maltais","","Hugues","NDP-New Democratic Party","NPD-Nouveau Parti démocratique",N,N,4
24033,"Lac-Saint-Jean","Lac-Saint-Jean"," 127","Saint-Gédéon",N,N,"",2,293,"Bouchard","","Lorie","People's Party - PPC","Parti populaire - PPC",N,N,2
24033,"Lac-Saint-Jean","Lac-Saint-Jean"," 127","Saint-Gédéon",N,N,"",2,293,"Brunelle-Duceppe","","Alexis","Bloc Québécois","Bloc Québécois",Y,Y,71
24033,"Lac-Saint-Jean","Lac-Saint-Jean"," 127","Saint-Gédéon",N,N,"",2,293,"Lemieux","","Denis","Liberal","Libéral",N,N,29
24033,"Lac-Saint-Jean","Lac-Saint-Jean"," 128","Mashteuiatsh",N,N,"",0,440,"Blackburn","","Dave","Conservative","Conservateur",N,N,19
24033,"Lac-Saint-Jean","Lac-Saint-Jean"," 128","Mashteuiatsh",N,N,"",0,440,"Boily-Maltais","","Hugues","NDP-New Democratic Party","NPD-Nouveau Parti démocratique",N,N,5
24033,"Lac-Saint-Jean","Lac-Saint-Jean"," 128","Mashteuiatsh",N,N,"",0,440,"Bouchard","","Lorie","People's Party - PPC","Parti populaire - PPC",N,N,1
24033,"Lac-Saint-Jean","Lac-Saint-Jean"," 128","Mashteuiatsh",N,N,"",0,440,"Brunelle-Duceppe","","Alexis","Bloc Québécois","Bloc Québécois",Y,Y,32
24033,"Lac-Saint-Jean","Lac-Saint-Jean"," 128","Mashteuiatsh",N,N,"",0,440,"Lemieux","","Denis","Liberal","Libéral",N,N,47
24033,"Lac-Saint-Jean","Lac-Saint-Jean"," 129","Mashteuiatsh",N,N,"",0,430,"Blackburn","","Dave","Conservative","Conservateur",N,N,12
24033,"Lac-Saint-Jean","Lac-Saint-Jean"," 129","Mashteuiatsh",N,N,"",0,430,"Boily-Maltais","","Hugues","NDP-New Democratic Party","NPD-Nouveau Parti démocratique",N,N,5
24033,"Lac-Saint-Jean","Lac-Saint-Jean"," 129","Mashteuiatsh",N,N,"",0,430,"Bouchard","","Lorie","People's Party - PPC","Parti populaire - PPC",N,N,1
24033,"Lac-Saint-Jean","Lac-Saint-Jean"," 129","Mashteuiatsh",N,N,"",0,430,"Brunelle-Duceppe","","Alexis","Bloc Québécois","Bloc Québécois",Y,Y,20
24033,"Lac-Saint-Jean","Lac-Saint-Jean"," 129","Mashteuiatsh",N,N,"",0,430,"Lemieux","","Denis","Liberal","Libéral",N,N,76
24033,"Lac-Saint-Jean","Lac-Saint-Jean"," 130","Mashteuiatsh",N,N,"",0,462,"Blackburn","","Dave","Conservative","Conservateur",N,N,10
24033,"Lac-Saint-Jean","Lac-Saint-Jean"," 130","Mashteuiatsh",N,N,"",0,462,"Boily-Maltais","","Hugues","NDP-New Democratic Party","NPD-Nouveau Parti démocratique",N,N,3
24033,"Lac-Saint-Jean","Lac-Saint-Jean"," 130","Mashteuiatsh",N,N,"",0,462,"Bouchard","","Lorie","People's Party - PPC","Parti populaire - PPC",N,N,3
24033,"Lac-Saint-Jean","Lac-Saint-Jean"," 130","Mashteuiatsh",N,N,"",0,462,"Brunelle-Duceppe","","Alexis","Bloc Québécois","Bloc Québécois",Y,Y,12
24033,"Lac-Saint-Jean","Lac-Saint-Jean"," 130","Mashteuiatsh",N,N,"",0,462,"Lemieux","","Denis","Liberal","Libéral",N,N,29
24033,"Lac-Saint-Jean","Lac-Saint-Jean"," 131","Mashteuiatsh",N,N,"",0,473,"Blackburn","","Dave","Conservative","Conservateur",N,N,8
24033,"Lac-Saint-Jean","Lac-Saint-Jean"," 131","Mashteuiatsh",N,N,"",0,473,"Boily-Maltais","","Hugues","NDP-New Democratic Party","NPD-Nouveau Parti démocratique",N,N,2
24033,"Lac-Saint-Jean","Lac-Saint-Jean"," 131","Mashteuiatsh",N,N,"",0,473,"Bouchard","","Lorie","People's Party - PPC","Parti populaire - PPC",N,N,0
24033,"Lac-Saint-Jean","Lac-Saint-Jean"," 131","Mashteuiatsh",N,N,"",0,473,"Brunelle-Duceppe","","Alexis","Bloc Québécois","Bloc Québécois",Y,Y,14
24033,"Lac-Saint-Jean","Lac-Saint-Jean"," 131","Mashteuiatsh",N,N,"",0,473,"Lemieux","","Denis","Liberal","Libéral",N,N,35
24033,"Lac-Saint-Jean","Lac-Saint-Jean"," 132","Saint-Félicien",N,N,"",0,366,"Blackburn","","Dave","Conservative","Conservateur",N,N,23
24033,"Lac-Saint-Jean","Lac-Saint-Jean"," 132","Saint-Félicien",N,N,"",0,366,"Boily-Maltais","","Hugues","NDP-New Democratic Party","NPD-Nouveau Parti démocratique",N,N,3
24033,"Lac-Saint-Jean","Lac-Saint-Jean"," 132","Saint-Félicien",N,N,"",0,366,"Bouchard","","Lorie","People's Party - PPC","Parti populaire - PPC",N,N,1
24033,"Lac-Saint-Jean","Lac-Saint-Jean"," 132","Saint-Félicien",N,N,"",0,366,"Brunelle-Duceppe","","Alexis","Bloc Québécois","Bloc Québécois",Y,Y,42
24033,"Lac-Saint-Jean","Lac-Saint-Jean"," 132","Saint-Félicien",N,N,"",0,366,"Lemieux","","Denis","Liberal","Libéral",N,N,31
24033,"Lac-Saint-Jean","Lac-Saint-Jean"," 133","Saint-Félicien",N,N,"",1,442,"Blackburn","","Dave","Conservative","Conservateur",N,N,26
24033,"Lac-Saint-Jean","Lac-Saint-Jean"," 133","Saint-Félicien",N,N,"",1,442,"Boily-Maltais","","Hugues","NDP-New Democratic Party","NPD-Nouveau Parti démocratique",N,N,4
24033,"Lac-Saint-Jean","Lac-Saint-Jean"," 133","Saint-Félicien",N,N,"",1,442,"Bouchard","","Lorie","People's Party - PPC","Parti populaire - PPC",N,N,1
24033,"Lac-Saint-Jean","Lac-Saint-Jean"," 133","Saint-Félicien",N,N,"",1,442,"Brunelle-Duceppe","","Alexis","Bloc Québécois","Bloc Québécois",Y,Y,64
24033,"Lac-Saint-Jean","Lac-Saint-Jean"," 133","Saint-Félicien",N,N,"",1,442,"Lemieux","","Denis","Liberal","Libéral",N,N,41
24033,"Lac-Saint-Jean","Lac-Saint-Jean"," 134","Saint-Félicien",N,N,"",3,411,"Blackburn","","Dave","Conservative","Conservateur",N,N,34
24033,"Lac-Saint-Jean","Lac-Saint-Jean"," 134","Saint-Félicien",N,N,"",3,411,"Boily-Maltais","","Hugues","NDP-New Democratic Party","NPD-Nouveau Parti démocratique",N,N,1
24033,"Lac-Saint-Jean","Lac-Saint-Jean"," 134","Saint-Félicien",N,N,"",3,411,"Bouchard","","Lorie","People's Party - PPC","Parti populaire - PPC",N,N,3
24033,"Lac-Saint-Jean","Lac-Saint-Jean"," 134","Saint-Félicien",N,N,"",3,411,"Brunelle-Duceppe","","Alexis","Bloc Québécois","Bloc Québécois",Y,Y,74
24033,"Lac-Saint-Jean","Lac-Saint-Jean"," 134","Saint-Félicien",N,N,"",3,411,"Lemieux","","Denis","Liberal","Libéral",N,N,34
24033,"Lac-Saint-Jean","Lac-Saint-Jean"," 135","Saint-Félicien",N,N,"",7,451,"Blackburn","","Dave","Conservative","Conservateur",N,N,71
24033,"Lac-Saint-Jean","Lac-Saint-Jean"," 135","Saint-Félicien",N,N,"",7,451,"Boily-Maltais","","Hugues","NDP-New Democratic Party","NPD-Nouveau Parti démocratique",N,N,0
24033,"Lac-Saint-Jean","Lac-Saint-Jean"," 135","Saint-Félicien",N,N,"",7,451,"Bouchard","","Lorie","People's Party - PPC","Parti populaire - PPC",N,N,1
24033,"Lac-Saint-Jean","Lac-Saint-Jean"," 135","Saint-Félicien",N,N,"",7,451,"Brunelle-Duceppe","","Alexis","Bloc Québécois","Bloc Québécois",Y,Y,62
24033,"Lac-Saint-Jean","Lac-Saint-Jean"," 135","Saint-Félicien",N,N,"",7,451,"Lemieux","","Denis","Liberal","Libéral",N,N,41
24033,"Lac-Saint-Jean","Lac-Saint-Jean"," 136","Saint-Félicien",N,N,"",1,476,"Blackburn","","Dave","Conservative","Conservateur",N,N,45
24033,"Lac-Saint-Jean","Lac-Saint-Jean"," 136","Saint-Félicien",N,N,"",1,476,"Boily-Maltais","","Hugues","NDP-New Democratic Party","NPD-Nouveau Parti démocratique",N,N,1
24033,"Lac-Saint-Jean","Lac-Saint-Jean"," 136","Saint-Félicien",N,N,"",1,476,"Bouchard","","Lorie","People's Party - PPC","Parti populaire - PPC",N,N,1
24033,"Lac-Saint-Jean","Lac-Saint-Jean"," 136","Saint-Félicien",N,N,"",1,476,"Brunelle-Duceppe","","Alexis","Bloc Québécois","Bloc Québécois",Y,Y,54
24033,"Lac-Saint-Jean","Lac-Saint-Jean"," 136","Saint-Félicien",N,N,"",1,476,"Lemieux","","Denis","Liberal","Libéral",N,N,62
24033,"Lac-Saint-Jean","Lac-Saint-Jean"," 137","Saint-Félicien",N,N,"",0,379,"Blackburn","","Dave","Conservative","Conservateur",N,N,43
24033,"Lac-Saint-Jean","Lac-Saint-Jean"," 137","Saint-Félicien",N,N,"",0,379,"Boily-Maltais","","Hugues","NDP-New Democratic Party","NPD-Nouveau Parti démocratique",N,N,0
24033,"Lac-Saint-Jean","Lac-Saint-Jean"," 137","Saint-Félicien",N,N,"",0,379,"Bouchard","","Lorie","People's Party - PPC","Parti populaire - PPC",N,N,2
24033,"Lac-Saint-Jean","Lac-Saint-Jean"," 137","Saint-Félicien",N,N,"",0,379,"Brunelle-Duceppe","","Alexis","Bloc Québécois","Bloc Québécois",Y,Y,60
24033,"Lac-Saint-Jean","Lac-Saint-Jean"," 137","Saint-Félicien",N,N,"",0,379,"Lemieux","","Denis","Liberal","Libéral",N,N,36
24033,"Lac-Saint-Jean","Lac-Saint-Jean"," 138","Saint-Félicien",N,N,"",1,373,"Blackburn","","Dave","Conservative","Conservateur",N,N,40
24033,"Lac-Saint-Jean","Lac-Saint-Jean"," 138","Saint-Félicien",N,N,"",1,373,"Boily-Maltais","","Hugues","NDP-New Democratic Party","NPD-Nouveau Parti démocratique",N,N,2
24033,"Lac-Saint-Jean","Lac-Saint-Jean"," 138","Saint-Félicien",N,N,"",1,373,"Bouchard","","Lorie","People's Party - PPC","Parti populaire - PPC",N,N,0
24033,"Lac-Saint-Jean","Lac-Saint-Jean"," 138","Saint-Félicien",N,N,"",1,373,"Brunelle-Duceppe","","Alexis","Bloc Québécois","Bloc Québécois",Y,Y,69
24033,"Lac-Saint-Jean","Lac-Saint-Jean"," 138","Saint-Félicien",N,N,"",1,373,"Lemieux","","Denis","Liberal","Libéral",N,N,38
24033,"Lac-Saint-Jean","Lac-Saint-Jean"," 139","Saint-Gédéon",N,N,"",4,398,"Blackburn","","Dave","Conservative","Conservateur",N,N,30
24033,"Lac-Saint-Jean","Lac-Saint-Jean"," 139","Saint-Gédéon",N,N,"",4,398,"Boily-Maltais","","Hugues","NDP-New Democratic Party","NPD-Nouveau Parti démocratique",N,N,6
24033,"Lac-Saint-Jean","Lac-Saint-Jean"," 139","Saint-Gédéon",N,N,"",4,398,"Bouchard","","Lorie","People's Party - PPC","Parti populaire - PPC",N,N,8
24033,"Lac-Saint-Jean","Lac-Saint-Jean"," 139","Saint-Gédéon",N,N,"",4,398,"Brunelle-Duceppe","","Alexis","Bloc Québécois","Bloc Québécois",Y,Y,89
24033,"Lac-Saint-Jean","Lac-Saint-Jean"," 139","Saint-Gédéon",N,N,"",4,398,"Lemieux","","Denis","Liberal","Libéral",N,N,36
24033,"Lac-Saint-Jean","Lac-Saint-Jean"," 140","Saint-Gédéon",N,N,"",1,269,"Blackburn","","Dave","Conservative","Conservateur",N,N,36
24033,"Lac-Saint-Jean","Lac-Saint-Jean"," 140","Saint-Gédéon",N,N,"",1,269,"Boily-Maltais","","Hugues","NDP-New Democratic Party","NPD-Nouveau Parti démocratique",N,N,4
24033,"Lac-Saint-Jean","Lac-Saint-Jean"," 140","Saint-Gédéon",N,N,"",1,269,"Bouchard","","Lorie","People's Party - PPC","Parti populaire - PPC",N,N,0
24033,"Lac-Saint-Jean","Lac-Saint-Jean"," 140","Saint-Gédéon",N,N,"",1,269,"Brunelle-Duceppe","","Alexis","Bloc Québécois","Bloc Québécois",Y,Y,56
24033,"Lac-Saint-Jean","Lac-Saint-Jean"," 140","Saint-Gédéon",N,N,"",1,269,"Lemieux","","Denis","Liberal","Libéral",N,N,16
24033,"Lac-Saint-Jean","Lac-Saint-Jean"," 141","Saint-Félicien",N,N,"",5,501,"Blackburn","","Dave","Conservative","Conservateur",N,N,58
24033,"Lac-Saint-Jean","Lac-Saint-Jean"," 141","Saint-Félicien",N,N,"",5,501,"Boily-Maltais","","Hugues","NDP-New Democratic Party","NPD-Nouveau Parti démocratique",N,N,8
24033,"Lac-Saint-Jean","Lac-Saint-Jean"," 141","Saint-Félicien",N,N,"",5,501,"Bouchard","","Lorie","People's Party - PPC","Parti populaire - PPC",N,N,1
24033,"Lac-Saint-Jean","Lac-Saint-Jean"," 141","Saint-Félicien",N,N,"",5,501,"Brunelle-Duceppe","","Alexis","Bloc Québécois","Bloc Québécois",Y,Y,95
24033,"Lac-Saint-Jean","Lac-Saint-Jean"," 141","Saint-Félicien",N,N,"",5,501,"Lemieux","","Denis","Liberal","Libéral",N,N,56
24033,"Lac-Saint-Jean","Lac-Saint-Jean"," 142","Saint-Félicien",N,N,"",1,400,"Blackburn","","Dave","Conservative","Conservateur",N,N,44
24033,"Lac-Saint-Jean","Lac-Saint-Jean"," 142","Saint-Félicien",N,N,"",1,400,"Boily-Maltais","","Hugues","NDP-New Democratic Party","NPD-Nouveau Parti démocratique",N,N,3
24033,"Lac-Saint-Jean","Lac-Saint-Jean"," 142","Saint-Félicien",N,N,"",1,400,"Bouchard","","Lorie","People's Party - PPC","Parti populaire - PPC",N,N,2
24033,"Lac-Saint-Jean","Lac-Saint-Jean"," 142","Saint-Félicien",N,N,"",1,400,"Brunelle-Duceppe","","Alexis","Bloc Québécois","Bloc Québécois",Y,Y,72
24033,"Lac-Saint-Jean","Lac-Saint-Jean"," 142","Saint-Félicien",N,N,"",1,400,"Lemieux","","Denis","Liberal","Libéral",N,N,42
24033,"Lac-Saint-Jean","Lac-Saint-Jean"," 143","Saint-Félicien",N,N,"",2,389,"Blackburn","","Dave","Conservative","Conservateur",N,N,65
24033,"Lac-Saint-Jean","Lac-Saint-Jean"," 143","Saint-Félicien",N,N,"",2,389,"Boily-Maltais","","Hugues","NDP-New Democratic Party","NPD-Nouveau Parti démocratique",N,N,2
24033,"Lac-Saint-Jean","Lac-Saint-Jean"," 143","Saint-Félicien",N,N,"",2,389,"Bouchard","","Lorie","People's Party - PPC","Parti populaire - PPC",N,N,1
24033,"Lac-Saint-Jean","Lac-Saint-Jean"," 143","Saint-Félicien",N,N,"",2,389,"Brunelle-Duceppe","","Alexis","Bloc Québécois","Bloc Québécois",Y,Y,52
24033,"Lac-Saint-Jean","Lac-Saint-Jean"," 143","Saint-Félicien",N,N,"",2,389,"Lemieux","","Denis","Liberal","Libéral",N,N,27
24033,"Lac-Saint-Jean","Lac-Saint-Jean"," 144","Saint-Félicien",N,N,"",2,490,"Blackburn","","Dave","Conservative","Conservateur",N,N,78
24033,"Lac-Saint-Jean","Lac-Saint-Jean"," 144","Saint-Félicien",N,N,"",2,490,"Boily-Maltais","","Hugues","NDP-New Democratic Party","NPD-Nouveau Parti démocratique",N,N,3
24033,"Lac-Saint-Jean","Lac-Saint-Jean"," 144","Saint-Félicien",N,N,"",2,490,"Bouchard","","Lorie","People's Party - PPC","Parti populaire - PPC",N,N,2
24033,"Lac-Saint-Jean","Lac-Saint-Jean"," 144","Saint-Félicien",N,N,"",2,490,"Brunelle-Duceppe","","Alexis","Bloc Québécois","Bloc Québécois",Y,Y,77
24033,"Lac-Saint-Jean","Lac-Saint-Jean"," 144","Saint-Félicien",N,N,"",2,490,"Lemieux","","Denis","Liberal","Libéral",N,N,57
24033,"Lac-Saint-Jean","Lac-Saint-Jean"," 145","Saint-Félicien",N,N,"",0,400,"Blackburn","","Dave","Conservative","Conservateur",N,N,71
24033,"Lac-Saint-Jean","Lac-Saint-Jean"," 145","Saint-Félicien",N,N,"",0,400,"Boily-Maltais","","Hugues","NDP-New Democratic Party","NPD-Nouveau Parti démocratique",N,N,2
24033,"Lac-Saint-Jean","Lac-Saint-Jean"," 145","Saint-Félicien",N,N,"",0,400,"Bouchard","","Lorie","People's Party - PPC","Parti populaire - PPC",N,N,0
24033,"Lac-Saint-Jean","Lac-Saint-Jean"," 145","Saint-Félicien",N,N,"",0,400,"Brunelle-Duceppe","","Alexis","Bloc Québécois","Bloc Québécois",Y,Y,71
24033,"Lac-Saint-Jean","Lac-Saint-Jean"," 145","Saint-Félicien",N,N,"",0,400,"Lemieux","","Denis","Liberal","Libéral",N,N,31
24033,"Lac-Saint-Jean","Lac-Saint-Jean"," 146","Saint-Prime",N,N,"",0,282,"Blackburn","","Dave","Conservative","Conservateur",N,N,58
24033,"Lac-Saint-Jean","Lac-Saint-Jean"," 146","Saint-Prime",N,N,"",0,282,"Boily-Maltais","","Hugues","NDP-New Democratic Party","NPD-Nouveau Parti démocratique",N,N,3
24033,"Lac-Saint-Jean","Lac-Saint-Jean"," 146","Saint-Prime",N,N,"",0,282,"Bouchard","","Lorie","People's Party - PPC","Parti populaire - PPC",N,N,0
24033,"Lac-Saint-Jean","Lac-Saint-Jean"," 146","Saint-Prime",N,N,"",0,282,"Brunelle-Duceppe","","Alexis","Bloc Québécois","Bloc Québécois",Y,Y,51
24033,"Lac-Saint-Jean","Lac-Saint-Jean"," 146","Saint-Prime",N,N,"",0,282,"Lemieux","","Denis","Liberal","Libéral",N,N,28
24033,"Lac-Saint-Jean","Lac-Saint-Jean"," 147","Saint-Prime",N,N,"",5,466,"Blackburn","","Dave","Conservative","Conservateur",N,N,64
24033,"Lac-Saint-Jean","Lac-Saint-Jean"," 147","Saint-Prime",N,N,"",5,466,"Boily-Maltais","","Hugues","NDP-New Democratic Party","NPD-Nouveau Parti démocratique",N,N,0
24033,"Lac-Saint-Jean","Lac-Saint-Jean"," 147","Saint-Prime",N,N,"",5,466,"Bouchard","","Lorie","People's Party - PPC","Parti populaire - PPC",N,N,1
24033,"Lac-Saint-Jean","Lac-Saint-Jean"," 147","Saint-Prime",N,N,"",5,466,"Brunelle-Duceppe","","Alexis","Bloc Québécois","Bloc Québécois",Y,Y,87
24033,"Lac-Saint-Jean","Lac-Saint-Jean"," 147","Saint-Prime",N,N,"",5,466,"Lemieux","","Denis","Liberal","Libéral",N,N,47
24033,"Lac-Saint-Jean","Lac-Saint-Jean"," 148","Saint-Prime",N,N,"",2,373,"Blackburn","","Dave","Conservative","Conservateur",N,N,53
24033,"Lac-Saint-Jean","Lac-Saint-Jean"," 148","Saint-Prime",N,N,"",2,373,"Boily-Maltais","","Hugues","NDP-New Democratic Party","NPD-Nouveau Parti démocratique",N,N,4
24033,"Lac-Saint-Jean","Lac-Saint-Jean"," 148","Saint-Prime",N,N,"",2,373,"Bouchard","","Lorie","People's Party - PPC","Parti populaire - PPC",N,N,0
24033,"Lac-Saint-Jean","Lac-Saint-Jean"," 148","Saint-Prime",N,N,"",2,373,"Brunelle-Duceppe","","Alexis","Bloc Québécois","Bloc Québécois",Y,Y,70
24033,"Lac-Saint-Jean","Lac-Saint-Jean"," 148","Saint-Prime",N,N,"",2,373,"Lemieux","","Denis","Liberal","Libéral",N,N,39
24033,"Lac-Saint-Jean","Lac-Saint-Jean"," 149","Saint-Prime",N,N,"",6,396,"Blackburn","","Dave","Conservative","Conservateur",N,N,53
24033,"Lac-Saint-Jean","Lac-Saint-Jean"," 149","Saint-Prime",N,N,"",6,396,"Boily-Maltais","","Hugues","NDP-New Democratic Party","NPD-Nouveau Parti démocratique",N,N,2
24033,"Lac-Saint-Jean","Lac-Saint-Jean"," 149","Saint-Prime",N,N,"",6,396,"Bouchard","","Lorie","People's Party - PPC","Parti populaire - PPC",N,N,3
24033,"Lac-Saint-Jean","Lac-Saint-Jean"," 149","Saint-Prime",N,N,"",6,396,"Brunelle-Duceppe","","Alexis","Bloc Québécois","Bloc Québécois",Y,Y,73
24033,"Lac-Saint-Jean","Lac-Saint-Jean"," 149","Saint-Prime",N,N,"",6,396,"Lemieux","","Denis","Liberal","Libéral",N,N,27
24033,"Lac-Saint-Jean","Lac-Saint-Jean"," 150","Saint-Prime",N,N,"",2,354,"Blackburn","","Dave","Conservative","Conservateur",N,N,41
24033,"Lac-Saint-Jean","Lac-Saint-Jean"," 150","Saint-Prime",N,N,"",2,354,"Boily-Maltais","","Hugues","NDP-New Democratic Party","NPD-Nouveau Parti démocratique",N,N,2
24033,"Lac-Saint-Jean","Lac-Saint-Jean"," 150","Saint-Prime",N,N,"",2,354,"Bouchard","","Lorie","People's Party - PPC","Parti populaire - PPC",N,N,2
24033,"Lac-Saint-Jean","Lac-Saint-Jean"," 150","Saint-Prime",N,N,"",2,354,"Brunelle-Duceppe","","Alexis","Bloc Québécois","Bloc Québécois",Y,Y,69
24033,"Lac-Saint-Jean","Lac-Saint-Jean"," 150","Saint-Prime",N,N,"",2,354,"Lemieux","","Denis","Liberal","Libéral",N,N,30
24033,"Lac-Saint-Jean","Lac-Saint-Jean"," 151","Saint-Prime",N,N,"",1,337,"Blackburn","","Dave","Conservative","Conservateur",N,N,62
24033,"Lac-Saint-Jean","Lac-Saint-Jean"," 151","Saint-Prime",N,N,"",1,337,"Boily-Maltais","","Hugues","NDP-New Democratic Party","NPD-Nouveau Parti démocratique",N,N,1
24033,"Lac-Saint-Jean","Lac-Saint-Jean"," 151","Saint-Prime",N,N,"",1,337,"Bouchard","","Lorie","People's Party - PPC","Parti populaire - PPC",N,N,0
24033,"Lac-Saint-Jean","Lac-Saint-Jean"," 151","Saint-Prime",N,N,"",1,337,"Brunelle-Duceppe","","Alexis","Bloc Québécois","Bloc Québécois",Y,Y,61
24033,"Lac-Saint-Jean","Lac-Saint-Jean"," 151","Saint-Prime",N,N,"",1,337,"Lemieux","","Denis","Liberal","Libéral",N,N,36
24033,"Lac-Saint-Jean","Lac-Saint-Jean"," 152","Métabetchouan--Lac-à-la-Croix",N,N,"",1,247,"Blackburn","","Dave","Conservative","Conservateur",N,N,20
24033,"Lac-Saint-Jean","Lac-Saint-Jean"," 152","Métabetchouan--Lac-à-la-Croix",N,N,"",1,247,"Boily-Maltais","","Hugues","NDP-New Democratic Party","NPD-Nouveau Parti démocratique",N,N,2
24033,"Lac-Saint-Jean","Lac-Saint-Jean"," 152","Métabetchouan--Lac-à-la-Croix",N,N,"",1,247,"Bouchard","","Lorie","People's Party - PPC","Parti populaire - PPC",N,N,0
24033,"Lac-Saint-Jean","Lac-Saint-Jean"," 152","Métabetchouan--Lac-à-la-Croix",N,N,"",1,247,"Brunelle-Duceppe","","Alexis","Bloc Québécois","Bloc Québécois",Y,Y,52
24033,"Lac-Saint-Jean","Lac-Saint-Jean"," 152","Métabetchouan--Lac-à-la-Croix",N,N,"",1,247,"Lemieux","","Denis","Liberal","Libéral",N,N,25
24033,"Lac-Saint-Jean","Lac-Saint-Jean"," 153","Métabetchouan--Lac-à-la-Croix",N,N,"",1,342,"Blackburn","","Dave","Conservative","Conservateur",N,N,49
24033,"Lac-Saint-Jean","Lac-Saint-Jean"," 153","Métabetchouan--Lac-à-la-Croix",N,N,"",1,342,"Boily-Maltais","","Hugues","NDP-New Democratic Party","NPD-Nouveau Parti démocratique",N,N,6
24033,"Lac-Saint-Jean","Lac-Saint-Jean"," 153","Métabetchouan--Lac-à-la-Croix",N,N,"",1,342,"Bouchard","","Lorie","People's Party - PPC","Parti populaire - PPC",N,N,1
24033,"Lac-Saint-Jean","Lac-Saint-Jean"," 153","Métabetchouan--Lac-à-la-Croix",N,N,"",1,342,"Brunelle-Duceppe","","Alexis","Bloc Québécois","Bloc Québécois",Y,Y,72
24033,"Lac-Saint-Jean","Lac-Saint-Jean"," 153","Métabetchouan--Lac-à-la-Croix",N,N,"",1,342,"Lemieux","","Denis","Liberal","Libéral",N,N,29
24033,"Lac-Saint-Jean","Lac-Saint-Jean"," 154","Métabetchouan--Lac-à-la-Croix",N,N,"",3,330,"Blackburn","","Dave","Conservative","Conservateur",N,N,25
24033,"Lac-Saint-Jean","Lac-Saint-Jean"," 154","Métabetchouan--Lac-à-la-Croix",N,N,"",3,330,"Boily-Maltais","","Hugues","NDP-New Democratic Party","NPD-Nouveau Parti démocratique",N,N,4
24033,"Lac-Saint-Jean","Lac-Saint-Jean"," 154","Métabetchouan--Lac-à-la-Croix",N,N,"",3,330,"Bouchard","","Lorie","People's Party - PPC","Parti populaire - PPC",N,N,3
24033,"Lac-Saint-Jean","Lac-Saint-Jean"," 154","Métabetchouan--Lac-à-la-Croix",N,N,"",3,330,"Brunelle-Duceppe","","Alexis","Bloc Québécois","Bloc Québécois",Y,Y,57
24033,"Lac-Saint-Jean","Lac-Saint-Jean"," 154","Métabetchouan--Lac-à-la-Croix",N,N,"",3,330,"Lemieux","","Denis","Liberal","Libéral",N,N,35
24033,"Lac-Saint-Jean","Lac-Saint-Jean"," 155","Roberval",N,N,"",2,416,"Blackburn","","Dave","Conservative","Conservateur",N,N,46
24033,"Lac-Saint-Jean","Lac-Saint-Jean"," 155","Roberval",N,N,"",2,416,"Boily-Maltais","","Hugues","NDP-New Democratic Party","NPD-Nouveau Parti démocratique",N,N,2
24033,"Lac-Saint-Jean","Lac-Saint-Jean"," 155","Roberval",N,N,"",2,416,"Bouchard","","Lorie","People's Party - PPC","Parti populaire - PPC",N,N,0
24033,"Lac-Saint-Jean","Lac-Saint-Jean"," 155","Roberval",N,N,"",2,416,"Brunelle-Duceppe","","Alexis","Bloc Québécois","Bloc Québécois",Y,Y,75
24033,"Lac-Saint-Jean","Lac-Saint-Jean"," 155","Roberval",N,N,"",2,416,"Lemieux","","Denis","Liberal","Libéral",N,N,38
24033,"Lac-Saint-Jean","Lac-Saint-Jean"," 156","Roberval",N,N,"",4,363,"Blackburn","","Dave","Conservative","Conservateur",N,N,34
24033,"Lac-Saint-Jean","Lac-Saint-Jean"," 156","Roberval",N,N,"",4,363,"Boily-Maltais","","Hugues","NDP-New Democratic Party","NPD-Nouveau Parti démocratique",N,N,0
24033,"Lac-Saint-Jean","Lac-Saint-Jean"," 156","Roberval",N,N,"",4,363,"Bouchard","","Lorie","People's Party - PPC","Parti populaire - PPC",N,N,1
24033,"Lac-Saint-Jean","Lac-Saint-Jean"," 156","Roberval",N,N,"",4,363,"Brunelle-Duceppe","","Alexis","Bloc Québécois","Bloc Québécois",Y,Y,40
24033,"Lac-Saint-Jean","Lac-Saint-Jean"," 156","Roberval",N,N,"",4,363,"Lemieux","","Denis","Liberal","Libéral",N,N,9
24033,"Lac-Saint-Jean","Lac-Saint-Jean"," 157","Roberval",N,N,"",2,335,"Blackburn","","Dave","Conservative","Conservateur",N,N,25
24033,"Lac-Saint-Jean","Lac-Saint-Jean"," 157","Roberval",N,N,"",2,335,"Boily-Maltais","","Hugues","NDP-New Democratic Party","NPD-Nouveau Parti démocratique",N,N,0
24033,"Lac-Saint-Jean","Lac-Saint-Jean"," 157","Roberval",N,N,"",2,335,"Bouchard","","Lorie","People's Party - PPC","Parti populaire - PPC",N,N,2
24033,"Lac-Saint-Jean","Lac-Saint-Jean"," 157","Roberval",N,N,"",2,335,"Brunelle-Duceppe","","Alexis","Bloc Québécois","Bloc Québécois",Y,Y,31
24033,"Lac-Saint-Jean","Lac-Saint-Jean"," 157","Roberval",N,N,"",2,335,"Lemieux","","Denis","Liberal","Libéral",N,N,16
24033,"Lac-Saint-Jean","Lac-Saint-Jean"," 158","Roberval",N,N,"",1,331,"Blackburn","","Dave","Conservative","Conservateur",N,N,23
24033,"Lac-Saint-Jean","Lac-Saint-Jean"," 158","Roberval",N,N,"",1,331,"Boily-Maltais","","Hugues","NDP-New Democratic Party","NPD-Nouveau Parti démocratique",N,N,2
24033,"Lac-Saint-Jean","Lac-Saint-Jean"," 158","Roberval",N,N,"",1,331,"Bouchard","","Lorie","People's Party - PPC","Parti populaire - PPC",N,N,3
24033,"Lac-Saint-Jean","Lac-Saint-Jean"," 158","Roberval",N,N,"",1,331,"Brunelle-Duceppe","","Alexis","Bloc Québécois","Bloc Québécois",Y,Y,38
24033,"Lac-Saint-Jean","Lac-Saint-Jean"," 158","Roberval",N,N,"",1,331,"Lemieux","","Denis","Liberal","Libéral",N,N,22
24033,"Lac-Saint-Jean","Lac-Saint-Jean"," 159","Roberval",N,N,"",4,314,"Blackburn","","Dave","Conservative","Conservateur",N,N,17
24033,"Lac-Saint-Jean","Lac-Saint-Jean"," 159","Roberval",N,N,"",4,314,"Boily-Maltais","","Hugues","NDP-New Democratic Party","NPD-Nouveau Parti démocratique",N,N,4
24033,"Lac-Saint-Jean","Lac-Saint-Jean"," 159","Roberval",N,N,"",4,314,"Bouchard","","Lorie","People's Party - PPC","Parti populaire - PPC",N,N,3
24033,"Lac-Saint-Jean","Lac-Saint-Jean"," 159","Roberval",N,N,"",4,314,"Brunelle-Duceppe","","Alexis","Bloc Québécois","Bloc Québécois",Y,Y,27
24033,"Lac-Saint-Jean","Lac-Saint-Jean"," 159","Roberval",N,N,"",4,314,"Lemieux","","Denis","Liberal","Libéral",N,N,18
24033,"Lac-Saint-Jean","Lac-Saint-Jean"," 160","Desbiens",N,N,"",1,334,"Blackburn","","Dave","Conservative","Conservateur",N,N,59
24033,"Lac-Saint-Jean","Lac-Saint-Jean"," 160","Desbiens",N,N,"",1,334,"Boily-Maltais","","Hugues","NDP-New Democratic Party","NPD-Nouveau Parti démocratique",N,N,4
24033,"Lac-Saint-Jean","Lac-Saint-Jean"," 160","Desbiens",N,N,"",1,334,"Bouchard","","Lorie","People's Party - PPC","Parti populaire - PPC",N,N,1
24033,"Lac-Saint-Jean","Lac-Saint-Jean"," 160","Desbiens",N,N,"",1,334,"Brunelle-Duceppe","","Alexis","Bloc Québécois","Bloc Québécois",Y,Y,79
24033,"Lac-Saint-Jean","Lac-Saint-Jean"," 160","Desbiens",N,N,"",1,334,"Lemieux","","Denis","Liberal","Libéral",N,N,42
24033,"Lac-Saint-Jean","Lac-Saint-Jean"," 161","Desbiens",N,N,"",1,249,"Blackburn","","Dave","Conservative","Conservateur",N,N,34
24033,"Lac-Saint-Jean","Lac-Saint-Jean"," 161","Desbiens",N,N,"",1,249,"Boily-Maltais","","Hugues","NDP-New Democratic Party","NPD-Nouveau Parti démocratique",N,N,5
24033,"Lac-Saint-Jean","Lac-Saint-Jean"," 161","Desbiens",N,N,"",1,249,"Bouchard","","Lorie","People's Party - PPC","Parti populaire - PPC",N,N,1
24033,"Lac-Saint-Jean","Lac-Saint-Jean"," 161","Desbiens",N,N,"",1,249,"Brunelle-Duceppe","","Alexis","Bloc Québécois","Bloc Québécois",Y,Y,70
24033,"Lac-Saint-Jean","Lac-Saint-Jean"," 161","Desbiens",N,N,"",1,249,"Lemieux","","Denis","Liberal","Libéral",N,N,24
24033,"Lac-Saint-Jean","Lac-Saint-Jean"," 162","Desbiens",N,N,"",2,249,"Blackburn","","Dave","Conservative","Conservateur",N,N,31
24033,"Lac-Saint-Jean","Lac-Saint-Jean"," 162","Desbiens",N,N,"",2,249,"Boily-Maltais","","Hugues","NDP-New Democratic Party","NPD-Nouveau Parti démocratique",N,N,4
24033,"Lac-Saint-Jean","Lac-Saint-Jean"," 162","Desbiens",N,N,"",2,249,"Bouchard","","Lorie","People's Party - PPC","Parti populaire - PPC",N,N,1
24033,"Lac-Saint-Jean","Lac-Saint-Jean"," 162","Desbiens",N,N,"",2,249,"Brunelle-Duceppe","","Alexis","Bloc Québécois","Bloc Québécois",Y,Y,61
24033,"Lac-Saint-Jean","Lac-Saint-Jean"," 162","Desbiens",N,N,"",2,249,"Lemieux","","Denis","Liberal","Libéral",N,N,39
24033,"Lac-Saint-Jean","Lac-Saint-Jean"," 163","Métabetchouan--Lac-à-la-Croix",N,N,"",0,332,"Blackburn","","Dave","Conservative","Conservateur",N,N,56
24033,"Lac-Saint-Jean","Lac-Saint-Jean"," 163","Métabetchouan--Lac-à-la-Croix",N,N,"",0,332,"Boily-Maltais","","Hugues","NDP-New Democratic Party","NPD-Nouveau Parti démocratique",N,N,4
24033,"Lac-Saint-Jean","Lac-Saint-Jean"," 163","Métabetchouan--Lac-à-la-Croix",N,N,"",0,332,"Bouchard","","Lorie","People's Party - PPC","Parti populaire - PPC",N,N,5
24033,"Lac-Saint-Jean","Lac-Saint-Jean"," 163","Métabetchouan--Lac-à-la-Croix",N,N,"",0,332,"Brunelle-Duceppe","","Alexis","Bloc Québécois","Bloc Québécois",Y,Y,63
24033,"Lac-Saint-Jean","Lac-Saint-Jean"," 163","Métabetchouan--Lac-à-la-Croix",N,N,"",0,332,"Lemieux","","Denis","Liberal","Libéral",N,N,37
24033,"Lac-Saint-Jean","Lac-Saint-Jean"," 164","Métabetchouan--Lac-à-la-Croix",N,N,"",3,318,"Blackburn","","Dave","Conservative","Conservateur",N,N,33
24033,"Lac-Saint-Jean","Lac-Saint-Jean"," 164","Métabetchouan--Lac-à-la-Croix",N,N,"",3,318,"Boily-Maltais","","Hugues","NDP-New Democratic Party","NPD-Nouveau Parti démocratique",N,N,0
24033,"Lac-Saint-Jean","Lac-Saint-Jean"," 164","Métabetchouan--Lac-à-la-Croix",N,N,"",3,318,"Bouchard","","Lorie","People's Party - PPC","Parti populaire - PPC",N,N,3
24033,"Lac-Saint-Jean","Lac-Saint-Jean"," 164","Métabetchouan--Lac-à-la-Croix",N,N,"",3,318,"Brunelle-Duceppe","","Alexis","Bloc Québécois","Bloc Québécois",Y,Y,55
24033,"Lac-Saint-Jean","Lac-Saint-Jean"," 164","Métabetchouan--Lac-à-la-Croix",N,N,"",3,318,"Lemieux","","Denis","Liberal","Libéral",N,N,45
24033,"Lac-Saint-Jean","Lac-Saint-Jean"," 165","Roberval",N,N,"",1,297,"Blackburn","","Dave","Conservative","Conservateur",N,N,47
24033,"Lac-Saint-Jean","Lac-Saint-Jean"," 165","Roberval",N,N,"",1,297,"Boily-Maltais","","Hugues","NDP-New Democratic Party","NPD-Nouveau Parti démocratique",N,N,3
24033,"Lac-Saint-Jean","Lac-Saint-Jean"," 165","Roberval",N,N,"",1,297,"Bouchard","","Lorie","People's Party - PPC","Parti populaire - PPC",N,N,1
24033,"Lac-Saint-Jean","Lac-Saint-Jean"," 165","Roberval",N,N,"",1,297,"Brunelle-Duceppe","","Alexis","Bloc Québécois","Bloc Québécois",Y,Y,50
24033,"Lac-Saint-Jean","Lac-Saint-Jean"," 165","Roberval",N,N,"",1,297,"Lemieux","","Denis","Liberal","Libéral",N,N,21
24033,"Lac-Saint-Jean","Lac-Saint-Jean"," 166","Roberval",N,N,"",0,396,"Blackburn","","Dave","Conservative","Conservateur",N,N,30
24033,"Lac-Saint-Jean","Lac-Saint-Jean"," 166","Roberval",N,N,"",0,396,"Boily-Maltais","","Hugues","NDP-New Democratic Party","NPD-Nouveau Parti démocratique",N,N,1
24033,"Lac-Saint-Jean","Lac-Saint-Jean"," 166","Roberval",N,N,"",0,396,"Bouchard","","Lorie","People's Party - PPC","Parti populaire - PPC",N,N,1
24033,"Lac-Saint-Jean","Lac-Saint-Jean"," 166","Roberval",N,N,"",0,396,"Brunelle-Duceppe","","Alexis","Bloc Québécois","Bloc Québécois",Y,Y,42
24033,"Lac-Saint-Jean","Lac-Saint-Jean"," 166","Roberval",N,N,"",0,396,"Lemieux","","Denis","Liberal","Libéral",N,N,26
24033,"Lac-Saint-Jean","Lac-Saint-Jean"," 167","Roberval",N,N,"",1,371,"Blackburn","","Dave","Conservative","Conservateur",N,N,28
24033,"Lac-Saint-Jean","Lac-Saint-Jean"," 167","Roberval",N,N,"",1,371,"Boily-Maltais","","Hugues","NDP-New Democratic Party","NPD-Nouveau Parti démocratique",N,N,4
24033,"Lac-Saint-Jean","Lac-Saint-Jean"," 167","Roberval",N,N,"",1,371,"Bouchard","","Lorie","People's Party - PPC","Parti populaire - PPC",N,N,2
24033,"Lac-Saint-Jean","Lac-Saint-Jean"," 167","Roberval",N,N,"",1,371,"Brunelle-Duceppe","","Alexis","Bloc Québécois","Bloc Québécois",Y,Y,67
24033,"Lac-Saint-Jean","Lac-Saint-Jean"," 167","Roberval",N,N,"",1,371,"Lemieux","","Denis","Liberal","Libéral",N,N,34
24033,"Lac-Saint-Jean","Lac-Saint-Jean"," 168","Roberval",N,N,"",2,480,"Blackburn","","Dave","Conservative","Conservateur",N,N,38
24033,"Lac-Saint-Jean","Lac-Saint-Jean"," 168","Roberval",N,N,"",2,480,"Boily-Maltais","","Hugues","NDP-New Democratic Party","NPD-Nouveau Parti démocratique",N,N,2
24033,"Lac-Saint-Jean","Lac-Saint-Jean"," 168","Roberval",N,N,"",2,480,"Bouchard","","Lorie","People's Party - PPC","Parti populaire - PPC",N,N,1
24033,"Lac-Saint-Jean","Lac-Saint-Jean"," 168","Roberval",N,N,"",2,480,"Brunelle-Duceppe","","Alexis","Bloc Québécois","Bloc Québécois",Y,Y,81
24033,"Lac-Saint-Jean","Lac-Saint-Jean"," 168","Roberval",N,N,"",2,480,"Lemieux","","Denis","Liberal","Libéral",N,N,32
24033,"Lac-Saint-Jean","Lac-Saint-Jean"," 169","Roberval",N,N,"",2,430,"Blackburn","","Dave","Conservative","Conservateur",N,N,42
24033,"Lac-Saint-Jean","Lac-Saint-Jean"," 169","Roberval",N,N,"",2,430,"Boily-Maltais","","Hugues","NDP-New Democratic Party","NPD-Nouveau Parti démocratique",N,N,4
24033,"Lac-Saint-Jean","Lac-Saint-Jean"," 169","Roberval",N,N,"",2,430,"Bouchard","","Lorie","People's Party - PPC","Parti populaire - PPC",N,N,1
24033,"Lac-Saint-Jean","Lac-Saint-Jean"," 169","Roberval",N,N,"",2,430,"Brunelle-Duceppe","","Alexis","Bloc Québécois","Bloc Québécois",Y,Y,60
24033,"Lac-Saint-Jean","Lac-Saint-Jean"," 169","Roberval",N,N,"",2,430,"Lemieux","","Denis","Liberal","Libéral",N,N,23
24033,"Lac-Saint-Jean","Lac-Saint-Jean"," 170","Roberval",N,N,"",0,312,"Blackburn","","Dave","Conservative","Conservateur",N,N,36
24033,"Lac-Saint-Jean","Lac-Saint-Jean"," 170","Roberval",N,N,"",0,312,"Boily-Maltais","","Hugues","NDP-New Democratic Party","NPD-Nouveau Parti démocratique",N,N,2
24033,"Lac-Saint-Jean","Lac-Saint-Jean"," 170","Roberval",N,N,"",0,312,"Bouchard","","Lorie","People's Party - PPC","Parti populaire - PPC",N,N,6
24033,"Lac-Saint-Jean","Lac-Saint-Jean"," 170","Roberval",N,N,"",0,312,"Brunelle-Duceppe","","Alexis","Bloc Québécois","Bloc Québécois",Y,Y,47
24033,"Lac-Saint-Jean","Lac-Saint-Jean"," 170","Roberval",N,N,"",0,312,"Lemieux","","Denis","Liberal","Libéral",N,N,17
24033,"Lac-Saint-Jean","Lac-Saint-Jean"," 171","Roberval",N,N,"",0,406,"Blackburn","","Dave","Conservative","Conservateur",N,N,39
24033,"Lac-Saint-Jean","Lac-Saint-Jean"," 171","Roberval",N,N,"",0,406,"Boily-Maltais","","Hugues","NDP-New Democratic Party","NPD-Nouveau Parti démocratique",N,N,1
24033,"Lac-Saint-Jean","Lac-Saint-Jean"," 171","Roberval",N,N,"",0,406,"Bouchard","","Lorie","People's Party - PPC","Parti populaire - PPC",N,N,2
24033,"Lac-Saint-Jean","Lac-Saint-Jean"," 171","Roberval",N,N,"",0,406,"Brunelle-Duceppe","","Alexis","Bloc Québécois","Bloc Québécois",Y,Y,58
24033,"Lac-Saint-Jean","Lac-Saint-Jean"," 171","Roberval",N,N,"",0,406,"Lemieux","","Denis","Liberal","Libéral",N,N,28
24033,"Lac-Saint-Jean","Lac-Saint-Jean"," 172","Métabetchouan--Lac-à-la-Croix",N,N,"",2,211,"Blackburn","","Dave","Conservative","Conservateur",N,N,20
24033,"Lac-Saint-Jean","Lac-Saint-Jean"," 172","Métabetchouan--Lac-à-la-Croix",N,N,"",2,211,"Boily-Maltais","","Hugues","NDP-New Democratic Party","NPD-Nouveau Parti démocratique",N,N,3
24033,"Lac-Saint-Jean","Lac-Saint-Jean"," 172","Métabetchouan--Lac-à-la-Croix",N,N,"",2,211,"Bouchard","","Lorie","People's Party - PPC","Parti populaire - PPC",N,N,1
24033,"Lac-Saint-Jean","Lac-Saint-Jean"," 172","Métabetchouan--Lac-à-la-Croix",N,N,"",2,211,"Brunelle-Duceppe","","Alexis","Bloc Québécois","Bloc Québécois",Y,Y,50
24033,"Lac-Saint-Jean","Lac-Saint-Jean"," 172","Métabetchouan--Lac-à-la-Croix",N,N,"",2,211,"Lemieux","","Denis","Liberal","Libéral",N,N,15
24033,"Lac-Saint-Jean","Lac-Saint-Jean"," 173","Métabetchouan--Lac-à-la-Croix",N,N,"",1,389,"Blackburn","","Dave","Conservative","Conservateur",N,N,61
24033,"Lac-Saint-Jean","Lac-Saint-Jean"," 173","Métabetchouan--Lac-à-la-Croix",N,N,"",1,389,"Boily-Maltais","","Hugues","NDP-New Democratic Party","NPD-Nouveau Parti démocratique",N,N,3
24033,"Lac-Saint-Jean","Lac-Saint-Jean"," 173","Métabetchouan--Lac-à-la-Croix",N,N,"",1,389,"Bouchard","","Lorie","People's Party - PPC","Parti populaire - PPC",N,N,0
24033,"Lac-Saint-Jean","Lac-Saint-Jean"," 173","Métabetchouan--Lac-à-la-Croix",N,N,"",1,389,"Brunelle-Duceppe","","Alexis","Bloc Québécois","Bloc Québécois",Y,Y,85
24033,"Lac-Saint-Jean","Lac-Saint-Jean"," 173","Métabetchouan--Lac-à-la-Croix",N,N,"",1,389,"Lemieux","","Denis","Liberal","Libéral",N,N,30
24033,"Lac-Saint-Jean","Lac-Saint-Jean"," 174","Métabetchouan--Lac-à-la-Croix",N,N,"",0,245,"Blackburn","","Dave","Conservative","Conservateur",N,N,42
24033,"Lac-Saint-Jean","Lac-Saint-Jean"," 174","Métabetchouan--Lac-à-la-Croix",N,N,"",0,245,"Boily-Maltais","","Hugues","NDP-New Democratic Party","NPD-Nouveau Parti démocratique",N,N,2
24033,"Lac-Saint-Jean","Lac-Saint-Jean"," 174","Métabetchouan--Lac-à-la-Croix",N,N,"",0,245,"Bouchard","","Lorie","People's Party - PPC","Parti populaire - PPC",N,N,0
24033,"Lac-Saint-Jean","Lac-Saint-Jean"," 174","Métabetchouan--Lac-à-la-Croix",N,N,"",0,245,"Brunelle-Duceppe","","Alexis","Bloc Québécois","Bloc Québécois",Y,Y,58
24033,"Lac-Saint-Jean","Lac-Saint-Jean"," 174","Métabetchouan--Lac-à-la-Croix",N,N,"",0,245,"Lemieux","","Denis","Liberal","Libéral",N,N,31
24033,"Lac-Saint-Jean","Lac-Saint-Jean"," 175","Chambord",N,N,"",2,350,"Blackburn","","Dave","Conservative","Conservateur",N,N,38
24033,"Lac-Saint-Jean","Lac-Saint-Jean"," 175","Chambord",N,N,"",2,350,"Boily-Maltais","","Hugues","NDP-New Democratic Party","NPD-Nouveau Parti démocratique",N,N,1
24033,"Lac-Saint-Jean","Lac-Saint-Jean"," 175","Chambord",N,N,"",2,350,"Bouchard","","Lorie","People's Party - PPC","Parti populaire - PPC",N,N,2
24033,"Lac-Saint-Jean","Lac-Saint-Jean"," 175","Chambord",N,N,"",2,350,"Brunelle-Duceppe","","Alexis","Bloc Québécois","Bloc Québécois",Y,Y,69
24033,"Lac-Saint-Jean","Lac-Saint-Jean"," 175","Chambord",N,N,"",2,350,"Lemieux","","Denis","Liberal","Libéral",N,N,25
24033,"Lac-Saint-Jean","Lac-Saint-Jean"," 176","Chambord",N,N,"",1,317,"Blackburn","","Dave","Conservative","Conservateur",N,N,41
24033,"Lac-Saint-Jean","Lac-Saint-Jean"," 176","Chambord",N,N,"",1,317,"Boily-Maltais","","Hugues","NDP-New Democratic Party","NPD-Nouveau Parti démocratique",N,N,0
24033,"Lac-Saint-Jean","Lac-Saint-Jean"," 176","Chambord",N,N,"",1,317,"Bouchard","","Lorie","People's Party - PPC","Parti populaire - PPC",N,N,2
24033,"Lac-Saint-Jean","Lac-Saint-Jean"," 176","Chambord",N,N,"",1,317,"Brunelle-Duceppe","","Alexis","Bloc Québécois","Bloc Québécois",Y,Y,79
24033,"Lac-Saint-Jean","Lac-Saint-Jean"," 176","Chambord",N,N,"",1,317,"Lemieux","","Denis","Liberal","Libéral",N,N,29
24033,"Lac-Saint-Jean","Lac-Saint-Jean"," 177","Chambord",N,N,"",1,404,"Blackburn","","Dave","Conservative","Conservateur",N,N,33
24033,"Lac-Saint-Jean","Lac-Saint-Jean"," 177","Chambord",N,N,"",1,404,"Boily-Maltais","","Hugues","NDP-New Democratic Party","NPD-Nouveau Parti démocratique",N,N,4
24033,"Lac-Saint-Jean","Lac-Saint-Jean"," 177","Chambord",N,N,"",1,404,"Bouchard","","Lorie","People's Party - PPC","Parti populaire - PPC",N,N,5
24033,"Lac-Saint-Jean","Lac-Saint-Jean"," 177","Chambord",N,N,"",1,404,"Brunelle-Duceppe","","Alexis","Bloc Québécois","Bloc Québécois",Y,Y,82
24033,"Lac-Saint-Jean","Lac-Saint-Jean"," 177","Chambord",N,N,"",1,404,"Lemieux","","Denis","Liberal","Libéral",N,N,35
24033,"Lac-Saint-Jean","Lac-Saint-Jean"," 178","Chambord",N,N,"",3,324,"Blackburn","","Dave","Conservative","Conservateur",N,N,47
24033,"Lac-Saint-Jean","Lac-Saint-Jean"," 178","Chambord",N,N,"",3,324,"Boily-Maltais","","Hugues","NDP-New Democratic Party","NPD-Nouveau Parti démocratique",N,N,2
24033,"Lac-Saint-Jean","Lac-Saint-Jean"," 178","Chambord",N,N,"",3,324,"Bouchard","","Lorie","People's Party - PPC","Parti populaire - PPC",N,N,1
24033,"Lac-Saint-Jean","Lac-Saint-Jean"," 178","Chambord",N,N,"",3,324,"Brunelle-Duceppe","","Alexis","Bloc Québécois","Bloc Québécois",Y,Y,59
24033,"Lac-Saint-Jean","Lac-Saint-Jean"," 178","Chambord",N,N,"",3,324,"Lemieux","","Denis","Liberal","Libéral",N,N,26
24033,"Lac-Saint-Jean","Lac-Saint-Jean"," 179","Métabetchouan--Lac-à-la-Croix",N,N,"",0,320,"Blackburn","","Dave","Conservative","Conservateur",N,N,48
24033,"Lac-Saint-Jean","Lac-Saint-Jean"," 179","Métabetchouan--Lac-à-la-Croix",N,N,"",0,320,"Boily-Maltais","","Hugues","NDP-New Democratic Party","NPD-Nouveau Parti démocratique",N,N,3
24033,"Lac-Saint-Jean","Lac-Saint-Jean"," 179","Métabetchouan--Lac-à-la-Croix",N,N,"",0,320,"Bouchard","","Lorie","People's Party - PPC","Parti populaire - PPC",N,N,6
24033,"Lac-Saint-Jean","Lac-Saint-Jean"," 179","Métabetchouan--Lac-à-la-Croix",N,N,"",0,320,"Brunelle-Duceppe","","Alexis","Bloc Québécois","Bloc Québécois",Y,Y,94
24033,"Lac-Saint-Jean","Lac-Saint-Jean"," 179","Métabetchouan--Lac-à-la-Croix",N,N,"",0,320,"Lemieux","","Denis","Liberal","Libéral",N,N,34
24033,"Lac-Saint-Jean","Lac-Saint-Jean"," 180","Métabetchouan--Lac-à-la-Croix",N,N,"",1,397,"Blackburn","","Dave","Conservative","Conservateur",N,N,66
24033,"Lac-Saint-Jean","Lac-Saint-Jean"," 180","Métabetchouan--Lac-à-la-Croix",N,N,"",1,397,"Boily-Maltais","","Hugues","NDP-New Democratic Party","NPD-Nouveau Parti démocratique",N,N,4
24033,"Lac-Saint-Jean","Lac-Saint-Jean"," 180","Métabetchouan--Lac-à-la-Croix",N,N,"",1,397,"Bouchard","","Lorie","People's Party - PPC","Parti populaire - PPC",N,N,1
24033,"Lac-Saint-Jean","Lac-Saint-Jean"," 180","Métabetchouan--Lac-à-la-Croix",N,N,"",1,397,"Brunelle-Duceppe","","Alexis","Bloc Québécois","Bloc Québécois",Y,Y,82
24033,"Lac-Saint-Jean","Lac-Saint-Jean"," 180","Métabetchouan--Lac-à-la-Croix",N,N,"",1,397,"Lemieux","","Denis","Liberal","Libéral",N,N,41
24033,"Lac-Saint-Jean","Lac-Saint-Jean"," 181","Roberval",N,N,"",1,346,"Blackburn","","Dave","Conservative","Conservateur",N,N,20
24033,"Lac-Saint-Jean","Lac-Saint-Jean"," 181","Roberval",N,N,"",1,346,"Boily-Maltais","","Hugues","NDP-New Democratic Party","NPD-Nouveau Parti démocratique",N,N,3
24033,"Lac-Saint-Jean","Lac-Saint-Jean"," 181","Roberval",N,N,"",1,346,"Bouchard","","Lorie","People's Party - PPC","Parti populaire - PPC",N,N,0
24033,"Lac-Saint-Jean","Lac-Saint-Jean"," 181","Roberval",N,N,"",1,346,"Brunelle-Duceppe","","Alexis","Bloc Québécois","Bloc Québécois",Y,Y,61
24033,"Lac-Saint-Jean","Lac-Saint-Jean"," 181","Roberval",N,N,"",1,346,"Lemieux","","Denis","Liberal","Libéral",N,N,37
24033,"Lac-Saint-Jean","Lac-Saint-Jean"," 182A","Roberval",N,N,"",3,451,"Blackburn","","Dave","Conservative","Conservateur",N,N,39
24033,"Lac-Saint-Jean","Lac-Saint-Jean"," 182A","Roberval",N,N,"",3,451,"Boily-Maltais","","Hugues","NDP-New Democratic Party","NPD-Nouveau Parti démocratique",N,N,3
24033,"Lac-Saint-Jean","Lac-Saint-Jean"," 182A","Roberval",N,N,"",3,451,"Bouchard","","Lorie","People's Party - PPC","Parti populaire - PPC",N,N,0
24033,"Lac-Saint-Jean","Lac-Saint-Jean"," 182A","Roberval",N,N,"",3,451,"Brunelle-Duceppe","","Alexis","Bloc Québécois","Bloc Québécois",Y,Y,55
24033,"Lac-Saint-Jean","Lac-Saint-Jean"," 182A","Roberval",N,N,"",3,451,"Lemieux","","Denis","Liberal","Libéral",N,N,51
24033,"Lac-Saint-Jean","Lac-Saint-Jean"," 182B","Mobile poll/Bureau itinérant",N,N,"526",0,20,"Blackburn","","Dave","Conservative","Conservateur",N,N,0
24033,"Lac-Saint-Jean","Lac-Saint-Jean"," 182B","Mobile poll/Bureau itinérant",N,N,"526",0,20,"Boily-Maltais","","Hugues","NDP-New Democratic Party","NPD-Nouveau Parti démocratique",N,N,0
24033,"Lac-Saint-Jean","Lac-Saint-Jean"," 182B","Mobile poll/Bureau itinérant",N,N,"526",0,20,"Bouchard","","Lorie","People's Party - PPC","Parti populaire - PPC",N,N,0
24033,"Lac-Saint-Jean","Lac-Saint-Jean"," 182B","Mobile poll/Bureau itinérant",N,N,"526",0,20,"Brunelle-Duceppe","","Alexis","Bloc Québécois","Bloc Québécois",Y,Y,0
24033,"Lac-Saint-Jean","Lac-Saint-Jean"," 182B","Mobile poll/Bureau itinérant",N,N,"526",0,20,"Lemieux","","Denis","Liberal","Libéral",N,N,0
24033,"Lac-Saint-Jean","Lac-Saint-Jean"," 183","Roberval",N,N,"",2,343,"Blackburn","","Dave","Conservative","Conservateur",N,N,36
24033,"Lac-Saint-Jean","Lac-Saint-Jean"," 183","Roberval",N,N,"",2,343,"Boily-Maltais","","Hugues","NDP-New Democratic Party","NPD-Nouveau Parti démocratique",N,N,3
24033,"Lac-Saint-Jean","Lac-Saint-Jean"," 183","Roberval",N,N,"",2,343,"Bouchard","","Lorie","People's Party - PPC","Parti populaire - PPC",N,N,3
24033,"Lac-Saint-Jean","Lac-Saint-Jean"," 183","Roberval",N,N,"",2,343,"Brunelle-Duceppe","","Alexis","Bloc Québécois","Bloc Québécois",Y,Y,54
24033,"Lac-Saint-Jean","Lac-Saint-Jean"," 183","Roberval",N,N,"",2,343,"Lemieux","","Denis","Liberal","Libéral",N,N,25
24033,"Lac-Saint-Jean","Lac-Saint-Jean"," 184","Roberval",N,N,"",0,321,"Blackburn","","Dave","Conservative","Conservateur",N,N,20
24033,"Lac-Saint-Jean","Lac-Saint-Jean"," 184","Roberval",N,N,"",0,321,"Boily-Maltais","","Hugues","NDP-New Democratic Party","NPD-Nouveau Parti démocratique",N,N,2
24033,"Lac-Saint-Jean","Lac-Saint-Jean"," 184","Roberval",N,N,"",0,321,"Bouchard","","Lorie","People's Party - PPC","Parti populaire - PPC",N,N,0
24033,"Lac-Saint-Jean","Lac-Saint-Jean"," 184","Roberval",N,N,"",0,321,"Brunelle-Duceppe","","Alexis","Bloc Québécois","Bloc Québécois",Y,Y,38
24033,"Lac-Saint-Jean","Lac-Saint-Jean"," 184","Roberval",N,N,"",0,321,"Lemieux","","Denis","Liberal","Libéral",N,N,22
24033,"Lac-Saint-Jean","Lac-Saint-Jean"," 185","Roberval",N,N,"",0,332,"Blackburn","","Dave","Conservative","Conservateur",N,N,26
24033,"Lac-Saint-Jean","Lac-Saint-Jean"," 185","Roberval",N,N,"",0,332,"Boily-Maltais","","Hugues","NDP-New Democratic Party","NPD-Nouveau Parti démocratique",N,N,2
24033,"Lac-Saint-Jean","Lac-Saint-Jean"," 185","Roberval",N,N,"",0,332,"Bouchard","","Lorie","People's Party - PPC","Parti populaire - PPC",N,N,1
24033,"Lac-Saint-Jean","Lac-Saint-Jean"," 185","Roberval",N,N,"",0,332,"Brunelle-Duceppe","","Alexis","Bloc Québécois","Bloc Québécois",Y,Y,56
24033,"Lac-Saint-Jean","Lac-Saint-Jean"," 185","Roberval",N,N,"",0,332,"Lemieux","","Denis","Liberal","Libéral",N,N,21
24033,"Lac-Saint-Jean","Lac-Saint-Jean"," 186","Roberval",N,N,"",0,475,"Blackburn","","Dave","Conservative","Conservateur",N,N,51
24033,"Lac-Saint-Jean","Lac-Saint-Jean"," 186","Roberval",N,N,"",0,475,"Boily-Maltais","","Hugues","NDP-New Democratic Party","NPD-Nouveau Parti démocratique",N,N,5
24033,"Lac-Saint-Jean","Lac-Saint-Jean"," 186","Roberval",N,N,"",0,475,"Bouchard","","Lorie","People's Party - PPC","Parti populaire - PPC",N,N,3
24033,"Lac-Saint-Jean","Lac-Saint-Jean"," 186","Roberval",N,N,"",0,475,"Brunelle-Duceppe","","Alexis","Bloc Québécois","Bloc Québécois",Y,Y,70
24033,"Lac-Saint-Jean","Lac-Saint-Jean"," 186","Roberval",N,N,"",0,475,"Lemieux","","Denis","Liberal","Libéral",N,N,26
24033,"Lac-Saint-Jean","Lac-Saint-Jean"," 187","Roberval",N,N,"",0,340,"Blackburn","","Dave","Conservative","Conservateur",N,N,30
24033,"Lac-Saint-Jean","Lac-Saint-Jean"," 187","Roberval",N,N,"",0,340,"Boily-Maltais","","Hugues","NDP-New Democratic Party","NPD-Nouveau Parti démocratique",N,N,4
24033,"Lac-Saint-Jean","Lac-Saint-Jean"," 187","Roberval",N,N,"",0,340,"Bouchard","","Lorie","People's Party - PPC","Parti populaire - PPC",N,N,0
24033,"Lac-Saint-Jean","Lac-Saint-Jean"," 187","Roberval",N,N,"",0,340,"Brunelle-Duceppe","","Alexis","Bloc Québécois","Bloc Québécois",Y,Y,43
24033,"Lac-Saint-Jean","Lac-Saint-Jean"," 187","Roberval",N,N,"",0,340,"Lemieux","","Denis","Liberal","Libéral",N,N,31
24033,"Lac-Saint-Jean","Lac-Saint-Jean"," 188","Roberval",N,N,"",3,306,"Blackburn","","Dave","Conservative","Conservateur",N,N,25
24033,"Lac-Saint-Jean","Lac-Saint-Jean"," 188","Roberval",N,N,"",3,306,"Boily-Maltais","","Hugues","NDP-New Democratic Party","NPD-Nouveau Parti démocratique",N,N,3
24033,"Lac-Saint-Jean","Lac-Saint-Jean"," 188","Roberval",N,N,"",3,306,"Bouchard","","Lorie","People's Party - PPC","Parti populaire - PPC",N,N,0
24033,"Lac-Saint-Jean","Lac-Saint-Jean"," 188","Roberval",N,N,"",3,306,"Brunelle-Duceppe","","Alexis","Bloc Québécois","Bloc Québécois",Y,Y,53
24033,"Lac-Saint-Jean","Lac-Saint-Jean"," 188","Roberval",N,N,"",3,306,"Lemieux","","Denis","Liberal","Libéral",N,N,20
24033,"Lac-Saint-Jean","Lac-Saint-Jean"," 189","Roberval",N,N,"",2,375,"Blackburn","","Dave","Conservative","Conservateur",N,N,18
24033,"Lac-Saint-Jean","Lac-Saint-Jean"," 189","Roberval",N,N,"",2,375,"Boily-Maltais","","Hugues","NDP-New Democratic Party","NPD-Nouveau Parti démocratique",N,N,1
24033,"Lac-Saint-Jean","Lac-Saint-Jean"," 189","Roberval",N,N,"",2,375,"Bouchard","","Lorie","People's Party - PPC","Parti populaire - PPC",N,N,2
24033,"Lac-Saint-Jean","Lac-Saint-Jean"," 189","Roberval",N,N,"",2,375,"Brunelle-Duceppe","","Alexis","Bloc Québécois","Bloc Québécois",Y,Y,56
24033,"Lac-Saint-Jean","Lac-Saint-Jean"," 189","Roberval",N,N,"",2,375,"Lemieux","","Denis","Liberal","Libéral",N,N,48
24033,"Lac-Saint-Jean","Lac-Saint-Jean"," 190","Saint-André-du-Lac-Saint-Jean",N,N,"",3,403,"Blackburn","","Dave","Conservative","Conservateur",N,N,65
24033,"Lac-Saint-Jean","Lac-Saint-Jean"," 190","Saint-André-du-Lac-Saint-Jean",N,N,"",3,403,"Boily-Maltais","","Hugues","NDP-New Democratic Party","NPD-Nouveau Parti démocratique",N,N,3
24033,"Lac-Saint-Jean","Lac-Saint-Jean"," 190","Saint-André-du-Lac-Saint-Jean",N,N,"",3,403,"Bouchard","","Lorie","People's Party - PPC","Parti populaire - PPC",N,N,3
24033,"Lac-Saint-Jean","Lac-Saint-Jean"," 190","Saint-André-du-Lac-Saint-Jean",N,N,"",3,403,"Brunelle-Duceppe","","Alexis","Bloc Québécois","Bloc Québécois",Y,Y,98
24033,"Lac-Saint-Jean","Lac-Saint-Jean"," 190","Saint-André-du-Lac-Saint-Jean",N,N,"",3,403,"Lemieux","","Denis","Liberal","Libéral",N,N,53
24033,"Lac-Saint-Jean","Lac-Saint-Jean"," 191","Sainte-Hedwidge",N,N,"",5,412,"Blackburn","","Dave","Conservative","Conservateur",N,N,56
24033,"Lac-Saint-Jean","Lac-Saint-Jean"," 191","Sainte-Hedwidge",N,N,"",5,412,"Boily-Maltais","","Hugues","NDP-New Democratic Party","NPD-Nouveau Parti démocratique",N,N,3
24033,"Lac-Saint-Jean","Lac-Saint-Jean"," 191","Sainte-Hedwidge",N,N,"",5,412,"Bouchard","","Lorie","People's Party - PPC","Parti populaire - PPC",N,N,2
24033,"Lac-Saint-Jean","Lac-Saint-Jean"," 191","Sainte-Hedwidge",N,N,"",5,412,"Brunelle-Duceppe","","Alexis","Bloc Québécois","Bloc Québécois",Y,Y,93
24033,"Lac-Saint-Jean","Lac-Saint-Jean"," 191","Sainte-Hedwidge",N,N,"",5,412,"Lemieux","","Denis","Liberal","Libéral",N,N,54
24033,"Lac-Saint-Jean","Lac-Saint-Jean"," 192","Sainte-Hedwidge",N,N,"",3,335,"Blackburn","","Dave","Conservative","Conservateur",N,N,69
24033,"Lac-Saint-Jean","Lac-Saint-Jean"," 192","Sainte-Hedwidge",N,N,"",3,335,"Boily-Maltais","","Hugues","NDP-New Democratic Party","NPD-Nouveau Parti démocratique",N,N,3
24033,"Lac-Saint-Jean","Lac-Saint-Jean"," 192","Sainte-Hedwidge",N,N,"",3,335,"Bouchard","","Lorie","People's Party - PPC","Parti populaire - PPC",N,N,2
24033,"Lac-Saint-Jean","Lac-Saint-Jean"," 192","Sainte-Hedwidge",N,N,"",3,335,"Brunelle-Duceppe","","Alexis","Bloc Québécois","Bloc Québécois",Y,Y,94
24033,"Lac-Saint-Jean","Lac-Saint-Jean"," 192","Sainte-Hedwidge",N,N,"",3,335,"Lemieux","","Denis","Liberal","Libéral",N,N,28
24033,"Lac-Saint-Jean","Lac-Saint-Jean"," 193","Saint-François-de-Sales",N,N,"",4,297,"Blackburn","","Dave","Conservative","Conservateur",N,N,42
24033,"Lac-Saint-Jean","Lac-Saint-Jean"," 193","Saint-François-de-Sales",N,N,"",4,297,"Boily-Maltais","","Hugues","NDP-New Democratic Party","NPD-Nouveau Parti démocratique",N,N,4
24033,"Lac-Saint-Jean","Lac-Saint-Jean"," 193","Saint-François-de-Sales",N,N,"",4,297,"Bouchard","","Lorie","People's Party - PPC","Parti populaire - PPC",N,N,2
24033,"Lac-Saint-Jean","Lac-Saint-Jean"," 193","Saint-François-de-Sales",N,N,"",4,297,"Brunelle-Duceppe","","Alexis","Bloc Québécois","Bloc Québécois",Y,Y,83
24033,"Lac-Saint-Jean","Lac-Saint-Jean"," 193","Saint-François-de-Sales",N,N,"",4,297,"Lemieux","","Denis","Liberal","Libéral",N,N,25
24033,"Lac-Saint-Jean","Lac-Saint-Jean"," 194","Saint-François-de-Sales",N,N,"",2,219,"Blackburn","","Dave","Conservative","Conservateur",N,N,23
24033,"Lac-Saint-Jean","Lac-Saint-Jean"," 194","Saint-François-de-Sales",N,N,"",2,219,"Boily-Maltais","","Hugues","NDP-New Democratic Party","NPD-Nouveau Parti démocratique",N,N,0
24033,"Lac-Saint-Jean","Lac-Saint-Jean"," 194","Saint-François-de-Sales",N,N,"",2,219,"Bouchard","","Lorie","People's Party - PPC","Parti populaire - PPC",N,N,2
24033,"Lac-Saint-Jean","Lac-Saint-Jean"," 194","Saint-François-de-Sales",N,N,"",2,219,"Brunelle-Duceppe","","Alexis","Bloc Québécois","Bloc Québécois",Y,Y,61
24033,"Lac-Saint-Jean","Lac-Saint-Jean"," 194","Saint-François-de-Sales",N,N,"",2,219,"Lemieux","","Denis","Liberal","Libéral",N,N,10
24033,"Lac-Saint-Jean","Lac-Saint-Jean"," 195","Lac-Bouchette",N,N,"",2,326,"Blackburn","","Dave","Conservative","Conservateur",N,N,56
24033,"Lac-Saint-Jean","Lac-Saint-Jean"," 195","Lac-Bouchette",N,N,"",2,326,"Boily-Maltais","","Hugues","NDP-New Democratic Party","NPD-Nouveau Parti démocratique",N,N,2
24033,"Lac-Saint-Jean","Lac-Saint-Jean"," 195","Lac-Bouchette",N,N,"",2,326,"Bouchard","","Lorie","People's Party - PPC","Parti populaire - PPC",N,N,3
24033,"Lac-Saint-Jean","Lac-Saint-Jean"," 195","Lac-Bouchette",N,N,"",2,326,"Brunelle-Duceppe","","Alexis","Bloc Québécois","Bloc Québécois",Y,Y,82
24033,"Lac-Saint-Jean","Lac-Saint-Jean"," 195","Lac-Bouchette",N,N,"",2,326,"Lemieux","","Denis","Liberal","Libéral",N,N,41
24033,"Lac-Saint-Jean","Lac-Saint-Jean"," 196","Lac-Bouchette",N,N,"",2,348,"Blackburn","","Dave","Conservative","Conservateur",N,N,63
24033,"Lac-Saint-Jean","Lac-Saint-Jean"," 196","Lac-Bouchette",N,N,"",2,348,"Boily-Maltais","","Hugues","NDP-New Democratic Party","NPD-Nouveau Parti démocratique",N,N,2
24033,"Lac-Saint-Jean","Lac-Saint-Jean"," 196","Lac-Bouchette",N,N,"",2,348,"Bouchard","","Lorie","People's Party - PPC","Parti populaire - PPC",N,N,4
24033,"Lac-Saint-Jean","Lac-Saint-Jean"," 196","Lac-Bouchette",N,N,"",2,348,"Brunelle-Duceppe","","Alexis","Bloc Québécois","Bloc Québécois",Y,Y,80
24033,"Lac-Saint-Jean","Lac-Saint-Jean"," 196","Lac-Bouchette",N,N,"",2,348,"Lemieux","","Denis","Liberal","Libéral",N,N,32
24033,"Lac-Saint-Jean","Lac-Saint-Jean"," 197","Lac-Bouchette",N,N,"",4,333,"Blackburn","","Dave","Conservative","Conservateur",N,N,43
24033,"Lac-Saint-Jean","Lac-Saint-Jean"," 197","Lac-Bouchette",N,N,"",4,333,"Boily-Maltais","","Hugues","NDP-New Democratic Party","NPD-Nouveau Parti démocratique",N,N,5
24033,"Lac-Saint-Jean","Lac-Saint-Jean"," 197","Lac-Bouchette",N,N,"",4,333,"Bouchard","","Lorie","People's Party - PPC","Parti populaire - PPC",N,N,3
24033,"Lac-Saint-Jean","Lac-Saint-Jean"," 197","Lac-Bouchette",N,N,"",4,333,"Brunelle-Duceppe","","Alexis","Bloc Québécois","Bloc Québécois",Y,Y,82
24033,"Lac-Saint-Jean","Lac-Saint-Jean"," 197","Lac-Bouchette",N,N,"",4,333,"Lemieux","","Denis","Liberal","Libéral",N,N,58
24033,"Lac-Saint-Jean","Lac-Saint-Jean"," 400","Alma",N,N,"",9,148,"Blackburn","","Dave","Conservative","Conservateur",N,N,16
24033,"Lac-Saint-Jean","Lac-Saint-Jean"," 400","Alma",N,N,"",9,148,"Boily-Maltais","","Hugues","NDP-New Democratic Party","NPD-Nouveau Parti démocratique",N,N,1
24033,"Lac-Saint-Jean","Lac-Saint-Jean"," 400","Alma",N,N,"",9,148,"Bouchard","","Lorie","People's Party - PPC","Parti populaire - PPC",N,N,3
24033,"Lac-Saint-Jean","Lac-Saint-Jean"," 400","Alma",N,N,"",9,148,"Brunelle-Duceppe","","Alexis","Bloc Québécois","Bloc Québécois",Y,Y,60
24033,"Lac-Saint-Jean","Lac-Saint-Jean"," 400","Alma",N,N,"",9,148,"Lemieux","","Denis","Liberal","Libéral",N,N,56
24033,"Lac-Saint-Jean","Lac-Saint-Jean"," 500","Mobile poll/Bureau itinérant",N,N,"503",0,19,"Blackburn","","Dave","Conservative","Conservateur",N,N,0
24033,"Lac-Saint-Jean","Lac-Saint-Jean"," 500","Mobile poll/Bureau itinérant",N,N,"503",0,19,"Boily-Maltais","","Hugues","NDP-New Democratic Party","NPD-Nouveau Parti démocratique",N,N,0
24033,"Lac-Saint-Jean","Lac-Saint-Jean"," 500","Mobile poll/Bureau itinérant",N,N,"503",0,19,"Bouchard","","Lorie","People's Party - PPC","Parti populaire - PPC",N,N,0
24033,"Lac-Saint-Jean","Lac-Saint-Jean"," 500","Mobile poll/Bureau itinérant",N,N,"503",0,19,"Brunelle-Duceppe","","Alexis","Bloc Québécois","Bloc Québécois",Y,Y,0
24033,"Lac-Saint-Jean","Lac-Saint-Jean"," 500","Mobile poll/Bureau itinérant",N,N,"503",0,19,"Lemieux","","Denis","Liberal","Libéral",N,N,0
24033,"Lac-Saint-Jean","Lac-Saint-Jean"," 501","Mobile poll/Bureau itinérant",N,N,"504",0,17,"Blackburn","","Dave","Conservative","Conservateur",N,N,0
24033,"Lac-Saint-Jean","Lac-Saint-Jean"," 501","Mobile poll/Bureau itinérant",N,N,"504",0,17,"Boily-Maltais","","Hugues","NDP-New Democratic Party","NPD-Nouveau Parti démocratique",N,N,0
24033,"Lac-Saint-Jean","Lac-Saint-Jean"," 501","Mobile poll/Bureau itinérant",N,N,"504",0,17,"Bouchard","","Lorie","People's Party - PPC","Parti populaire - PPC",N,N,0
24033,"Lac-Saint-Jean","Lac-Saint-Jean"," 501","Mobile poll/Bureau itinérant",N,N,"504",0,17,"Brunelle-Duceppe","","Alexis","Bloc Québécois","Bloc Québécois",Y,Y,0
24033,"Lac-Saint-Jean","Lac-Saint-Jean"," 501","Mobile poll/Bureau itinérant",N,N,"504",0,17,"Lemieux","","Denis","Liberal","Libéral",N,N,0
24033,"Lac-Saint-Jean","Lac-Saint-Jean"," 502","Mobile poll/Bureau itinérant",N,N,"",1,67,"Blackburn","","Dave","Conservative","Conservateur",N,N,5
24033,"Lac-Saint-Jean","Lac-Saint-Jean"," 502","Mobile poll/Bureau itinérant",N,N,"",1,67,"Boily-Maltais","","Hugues","NDP-New Democratic Party","NPD-Nouveau Parti démocratique",N,N,1
24033,"Lac-Saint-Jean","Lac-Saint-Jean"," 502","Mobile poll/Bureau itinérant",N,N,"",1,67,"Bouchard","","Lorie","People's Party - PPC","Parti populaire - PPC",N,N,1
24033,"Lac-Saint-Jean","Lac-Saint-Jean"," 502","Mobile poll/Bureau itinérant",N,N,"",1,67,"Brunelle-Duceppe","","Alexis","Bloc Québécois","Bloc Québécois",Y,Y,8
24033,"Lac-Saint-Jean","Lac-Saint-Jean"," 502","Mobile poll/Bureau itinérant",N,N,"",1,67,"Lemieux","","Denis","Liberal","Libéral",N,N,6
24033,"Lac-Saint-Jean","Lac-Saint-Jean"," 503","Mobile poll/Bureau itinérant",N,N,"",4,62,"Blackburn","","Dave","Conservative","Conservateur",N,N,8
24033,"Lac-Saint-Jean","Lac-Saint-Jean"," 503","Mobile poll/Bureau itinérant",N,N,"",4,62,"Boily-Maltais","","Hugues","NDP-New Democratic Party","NPD-Nouveau Parti démocratique",N,N,0
24033,"Lac-Saint-Jean","Lac-Saint-Jean"," 503","Mobile poll/Bureau itinérant",N,N,"",4,62,"Bouchard","","Lorie","People's Party - PPC","Parti populaire - PPC",N,N,6
24033,"Lac-Saint-Jean","Lac-Saint-Jean"," 503","Mobile poll/Bureau itinérant",N,N,"",4,62,"Brunelle-Duceppe","","Alexis","Bloc Québécois","Bloc Québécois",Y,Y,29
24033,"Lac-Saint-Jean","Lac-Saint-Jean"," 503","Mobile poll/Bureau itinérant",N,N,"",4,62,"Lemieux","","Denis","Liberal","Libéral",N,N,31
24033,"Lac-Saint-Jean","Lac-Saint-Jean"," 504","Mobile poll/Bureau itinérant",N,N,"",2,80,"Blackburn","","Dave","Conservative","Conservateur",N,N,9
24033,"Lac-Saint-Jean","Lac-Saint-Jean"," 504","Mobile poll/Bureau itinérant",N,N,"",2,80,"Boily-Maltais","","Hugues","NDP-New Democratic Party","NPD-Nouveau Parti démocratique",N,N,3
24033,"Lac-Saint-Jean","Lac-Saint-Jean"," 504","Mobile poll/Bureau itinérant",N,N,"",2,80,"Bouchard","","Lorie","People's Party - PPC","Parti populaire - PPC",N,N,1
24033,"Lac-Saint-Jean","Lac-Saint-Jean"," 504","Mobile poll/Bureau itinérant",N,N,"",2,80,"Brunelle-Duceppe","","Alexis","Bloc Québécois","Bloc Québécois",Y,Y,28
24033,"Lac-Saint-Jean","Lac-Saint-Jean"," 504","Mobile poll/Bureau itinérant",N,N,"",2,80,"Lemieux","","Denis","Liberal","Libéral",N,N,22
24033,"Lac-Saint-Jean","Lac-Saint-Jean"," 505","Mobile poll/Bureau itinérant",Y,N,"",0,0,"Blackburn","","Dave","Conservative","Conservateur",N,N,0
24033,"Lac-Saint-Jean","Lac-Saint-Jean"," 505","Mobile poll/Bureau itinérant",Y,N,"",0,0,"Boily-Maltais","","Hugues","NDP-New Democratic Party","NPD-Nouveau Parti démocratique",N,N,0
24033,"Lac-Saint-Jean","Lac-Saint-Jean"," 505","Mobile poll/Bureau itinérant",Y,N,"",0,0,"Bouchard","","Lorie","People's Party - PPC","Parti populaire - PPC",N,N,0
24033,"Lac-Saint-Jean","Lac-Saint-Jean"," 505","Mobile poll/Bureau itinérant",Y,N,"",0,0,"Brunelle-Duceppe","","Alexis","Bloc Québécois","Bloc Québécois",Y,Y,0
24033,"Lac-Saint-Jean","Lac-Saint-Jean"," 505","Mobile poll/Bureau itinérant",Y,N,"",0,0,"Lemieux","","Denis","Liberal","Libéral",N,N,0
24033,"Lac-Saint-Jean","Lac-Saint-Jean"," 506","Mobile poll/Bureau itinérant",N,N,"",0,69,"Blackburn","","Dave","Conservative","Conservateur",N,N,7
24033,"Lac-Saint-Jean","Lac-Saint-Jean"," 506","Mobile poll/Bureau itinérant",N,N,"",0,69,"Boily-Maltais","","Hugues","NDP-New Democratic Party","NPD-Nouveau Parti démocratique",N,N,1
24033,"Lac-Saint-Jean","Lac-Saint-Jean"," 506","Mobile poll/Bureau itinérant",N,N,"",0,69,"Bouchard","","Lorie","People's Party - PPC","Parti populaire - PPC",N,N,3
24033,"Lac-Saint-Jean","Lac-Saint-Jean"," 506","Mobile poll/Bureau itinérant",N,N,"",0,69,"Brunelle-Duceppe","","Alexis","Bloc Québécois","Bloc Québécois",Y,Y,30
24033,"Lac-Saint-Jean","Lac-Saint-Jean"," 506","Mobile poll/Bureau itinérant",N,N,"",0,69,"Lemieux","","Denis","Liberal","Libéral",N,N,27
24033,"Lac-Saint-Jean","Lac-Saint-Jean"," 507","Mobile poll/Bureau itinérant",N,N,"502",0,8,"Blackburn","","Dave","Conservative","Conservateur",N,N,0
24033,"Lac-Saint-Jean","Lac-Saint-Jean"," 507","Mobile poll/Bureau itinérant",N,N,"502",0,8,"Boily-Maltais","","Hugues","NDP-New Democratic Party","NPD-Nouveau Parti démocratique",N,N,0
24033,"Lac-Saint-Jean","Lac-Saint-Jean"," 507","Mobile poll/Bureau itinérant",N,N,"502",0,8,"Bouchard","","Lorie","People's Party - PPC","Parti populaire - PPC",N,N,0
24033,"Lac-Saint-Jean","Lac-Saint-Jean"," 507","Mobile poll/Bureau itinérant",N,N,"502",0,8,"Brunelle-Duceppe","","Alexis","Bloc Québécois","Bloc Québécois",Y,Y,0
24033,"Lac-Saint-Jean","Lac-Saint-Jean"," 507","Mobile poll/Bureau itinérant",N,N,"502",0,8,"Lemieux","","Denis","Liberal","Libéral",N,N,0
24033,"Lac-Saint-Jean","Lac-Saint-Jean"," 508","Mobile poll/Bureau itinérant",N,N,"506",0,43,"Blackburn","","Dave","Conservative","Conservateur",N,N,0
24033,"Lac-Saint-Jean","Lac-Saint-Jean"," 508","Mobile poll/Bureau itinérant",N,N,"506",0,43,"Boily-Maltais","","Hugues","NDP-New Democratic Party","NPD-Nouveau Parti démocratique",N,N,0
24033,"Lac-Saint-Jean","Lac-Saint-Jean"," 508","Mobile poll/Bureau itinérant",N,N,"506",0,43,"Bouchard","","Lorie","People's Party - PPC","Parti populaire - PPC",N,N,0
24033,"Lac-Saint-Jean","Lac-Saint-Jean"," 508","Mobile poll/Bureau itinérant",N,N,"506",0,43,"Brunelle-Duceppe","","Alexis","Bloc Québécois","Bloc Québécois",Y,Y,0
24033,"Lac-Saint-Jean","Lac-Saint-Jean"," 508","Mobile poll/Bureau itinérant",N,N,"506",0,43,"Lemieux","","Denis","Liberal","Libéral",N,N,0
24033,"Lac-Saint-Jean","Lac-Saint-Jean"," 509","Mobile poll/Bureau itinérant",N,N,"",6,181,"Blackburn","","Dave","Conservative","Conservateur",N,N,13
24033,"Lac-Saint-Jean","Lac-Saint-Jean"," 509","Mobile poll/Bureau itinérant",N,N,"",6,181,"Boily-Maltais","","Hugues","NDP-New Democratic Party","NPD-Nouveau Parti démocratique",N,N,1
24033,"Lac-Saint-Jean","Lac-Saint-Jean"," 509","Mobile poll/Bureau itinérant",N,N,"",6,181,"Bouchard","","Lorie","People's Party - PPC","Parti populaire - PPC",N,N,5
24033,"Lac-Saint-Jean","Lac-Saint-Jean"," 509","Mobile poll/Bureau itinérant",N,N,"",6,181,"Brunelle-Duceppe","","Alexis","Bloc Québécois","Bloc Québécois",Y,Y,46
24033,"Lac-Saint-Jean","Lac-Saint-Jean"," 509","Mobile poll/Bureau itinérant",N,N,"",6,181,"Lemieux","","Denis","Liberal","Libéral",N,N,43
24033,"Lac-Saint-Jean","Lac-Saint-Jean"," 510","Mobile poll/Bureau itinérant",N,N,"503",0,14,"Blackburn","","Dave","Conservative","Conservateur",N,N,0
24033,"Lac-Saint-Jean","Lac-Saint-Jean"," 510","Mobile poll/Bureau itinérant",N,N,"503",0,14,"Boily-Maltais","","Hugues","NDP-New Democratic Party","NPD-Nouveau Parti démocratique",N,N,0
24033,"Lac-Saint-Jean","Lac-Saint-Jean"," 510","Mobile poll/Bureau itinérant",N,N,"503",0,14,"Bouchard","","Lorie","People's Party - PPC","Parti populaire - PPC",N,N,0
24033,"Lac-Saint-Jean","Lac-Saint-Jean"," 510","Mobile poll/Bureau itinérant",N,N,"503",0,14,"Brunelle-Duceppe","","Alexis","Bloc Québécois","Bloc Québécois",Y,Y,0
24033,"Lac-Saint-Jean","Lac-Saint-Jean"," 510","Mobile poll/Bureau itinérant",N,N,"503",0,14,"Lemieux","","Denis","Liberal","Libéral",N,N,0
24033,"Lac-Saint-Jean","Lac-Saint-Jean"," 511","Mobile poll/Bureau itinérant",N,N,"512",0,12,"Blackburn","","Dave","Conservative","Conservateur",N,N,0
24033,"Lac-Saint-Jean","Lac-Saint-Jean"," 511","Mobile poll/Bureau itinérant",N,N,"512",0,12,"Boily-Maltais","","Hugues","NDP-New Democratic Party","NPD-Nouveau Parti démocratique",N,N,0
24033,"Lac-Saint-Jean","Lac-Saint-Jean"," 511","Mobile poll/Bureau itinérant",N,N,"512",0,12,"Bouchard","","Lorie","People's Party - PPC","Parti populaire - PPC",N,N,0
24033,"Lac-Saint-Jean","Lac-Saint-Jean"," 511","Mobile poll/Bureau itinérant",N,N,"512",0,12,"Brunelle-Duceppe","","Alexis","Bloc Québécois","Bloc Québécois",Y,Y,0
24033,"Lac-Saint-Jean","Lac-Saint-Jean"," 511","Mobile poll/Bureau itinérant",N,N,"512",0,12,"Lemieux","","Denis","Liberal","Libéral",N,N,0
24033,"Lac-Saint-Jean","Lac-Saint-Jean"," 512","Mobile poll/Bureau itinérant",N,N,"",0,45,"Blackburn","","Dave","Conservative","Conservateur",N,N,6
24033,"Lac-Saint-Jean","Lac-Saint-Jean"," 512","Mobile poll/Bureau itinérant",N,N,"",0,45,"Boily-Maltais","","Hugues","NDP-New Democratic Party","NPD-Nouveau Parti démocratique",N,N,0
24033,"Lac-Saint-Jean","Lac-Saint-Jean"," 512","Mobile poll/Bureau itinérant",N,N,"",0,45,"Bouchard","","Lorie","People's Party - PPC","Parti populaire - PPC",N,N,0
24033,"Lac-Saint-Jean","Lac-Saint-Jean"," 512","Mobile poll/Bureau itinérant",N,N,"",0,45,"Brunelle-Duceppe","","Alexis","Bloc Québécois","Bloc Québécois",Y,Y,17
24033,"Lac-Saint-Jean","Lac-Saint-Jean"," 512","Mobile poll/Bureau itinérant",N,N,"",0,45,"Lemieux","","Denis","Liberal","Libéral",N,N,35
24033,"Lac-Saint-Jean","Lac-Saint-Jean"," 513","Mobile poll/Bureau itinérant",N,N,"512",0,26,"Blackburn","","Dave","Conservative","Conservateur",N,N,0
24033,"Lac-Saint-Jean","Lac-Saint-Jean"," 513","Mobile poll/Bureau itinérant",N,N,"512",0,26,"Boily-Maltais","","Hugues","NDP-New Democratic Party","NPD-Nouveau Parti démocratique",N,N,0
24033,"Lac-Saint-Jean","Lac-Saint-Jean"," 513","Mobile poll/Bureau itinérant",N,N,"512",0,26,"Bouchard","","Lorie","People's Party - PPC","Parti populaire - PPC",N,N,0
24033,"Lac-Saint-Jean","Lac-Saint-Jean"," 513","Mobile poll/Bureau itinérant",N,N,"512",0,26,"Brunelle-Duceppe","","Alexis","Bloc Québécois","Bloc Québécois",Y,Y,0
24033,"Lac-Saint-Jean","Lac-Saint-Jean"," 513","Mobile poll/Bureau itinérant",N,N,"512",0,26,"Lemieux","","Denis","Liberal","Libéral",N,N,0
24033,"Lac-Saint-Jean","Lac-Saint-Jean"," 514","Mobile poll/Bureau itinérant",N,N,"512",0,12,"Blackburn","","Dave","Conservative","Conservateur",N,N,0
24033,"Lac-Saint-Jean","Lac-Saint-Jean"," 514","Mobile poll/Bureau itinérant",N,N,"512",0,12,"Boily-Maltais","","Hugues","NDP-New Democratic Party","NPD-Nouveau Parti démocratique",N,N,0
24033,"Lac-Saint-Jean","Lac-Saint-Jean"," 514","Mobile poll/Bureau itinérant",N,N,"512",0,12,"Bouchard","","Lorie","People's Party - PPC","Parti populaire - PPC",N,N,0
24033,"Lac-Saint-Jean","Lac-Saint-Jean"," 514","Mobile poll/Bureau itinérant",N,N,"512",0,12,"Brunelle-Duceppe","","Alexis","Bloc Québécois","Bloc Québécois",Y,Y,0
24033,"Lac-Saint-Jean","Lac-Saint-Jean"," 514","Mobile poll/Bureau itinérant",N,N,"512",0,12,"Lemieux","","Denis","Liberal","Libéral",N,N,0
24033,"Lac-Saint-Jean","Lac-Saint-Jean"," 515","Mobile poll/Bureau itinérant",N,N,"520",0,17,"Blackburn","","Dave","Conservative","Conservateur",N,N,0
24033,"Lac-Saint-Jean","Lac-Saint-Jean"," 515","Mobile poll/Bureau itinérant",N,N,"520",0,17,"Boily-Maltais","","Hugues","NDP-New Democratic Party","NPD-Nouveau Parti démocratique",N,N,0
24033,"Lac-Saint-Jean","Lac-Saint-Jean"," 515","Mobile poll/Bureau itinérant",N,N,"520",0,17,"Bouchard","","Lorie","People's Party - PPC","Parti populaire - PPC",N,N,0
24033,"Lac-Saint-Jean","Lac-Saint-Jean"," 515","Mobile poll/Bureau itinérant",N,N,"520",0,17,"Brunelle-Duceppe","","Alexis","Bloc Québécois","Bloc Québécois",Y,Y,0
24033,"Lac-Saint-Jean","Lac-Saint-Jean"," 515","Mobile poll/Bureau itinérant",N,N,"520",0,17,"Lemieux","","Denis","Liberal","Libéral",N,N,0
24033,"Lac-Saint-Jean","Lac-Saint-Jean"," 516","Mobile poll/Bureau itinérant",N,N,"520",0,18,"Blackburn","","Dave","Conservative","Conservateur",N,N,0
24033,"Lac-Saint-Jean","Lac-Saint-Jean"," 516","Mobile poll/Bureau itinérant",N,N,"520",0,18,"Boily-Maltais","","Hugues","NDP-New Democratic Party","NPD-Nouveau Parti démocratique",N,N,0
24033,"Lac-Saint-Jean","Lac-Saint-Jean"," 516","Mobile poll/Bureau itinérant",N,N,"520",0,18,"Bouchard","","Lorie","People's Party - PPC","Parti populaire - PPC",N,N,0
24033,"Lac-Saint-Jean","Lac-Saint-Jean"," 516","Mobile poll/Bureau itinérant",N,N,"520",0,18,"Brunelle-Duceppe","","Alexis","Bloc Québécois","Bloc Québécois",Y,Y,0
24033,"Lac-Saint-Jean","Lac-Saint-Jean"," 516","Mobile poll/Bureau itinérant",N,N,"520",0,18,"Lemieux","","Denis","Liberal","Libéral",N,N,0
24033,"Lac-Saint-Jean","Lac-Saint-Jean"," 517","Mobile poll/Bureau itinérant",N,N,"518",0,26,"Blackburn","","Dave","Conservative","Conservateur",N,N,0
24033,"Lac-Saint-Jean","Lac-Saint-Jean"," 517","Mobile poll/Bureau itinérant",N,N,"518",0,26,"Boily-Maltais","","Hugues","NDP-New Democratic Party","NPD-Nouveau Parti démocratique",N,N,0
24033,"Lac-Saint-Jean","Lac-Saint-Jean"," 517","Mobile poll/Bureau itinérant",N,N,"518",0,26,"Bouchard","","Lorie","People's Party - PPC","Parti populaire - PPC",N,N,0
24033,"Lac-Saint-Jean","Lac-Saint-Jean"," 517","Mobile poll/Bureau itinérant",N,N,"518",0,26,"Brunelle-Duceppe","","Alexis","Bloc Québécois","Bloc Québécois",Y,Y,0
24033,"Lac-Saint-Jean","Lac-Saint-Jean"," 517","Mobile poll/Bureau itinérant",N,N,"518",0,26,"Lemieux","","Denis","Liberal","Libéral",N,N,0
24033,"Lac-Saint-Jean","Lac-Saint-Jean"," 518","Mobile poll/Bureau itinérant",N,N,"",2,106,"Blackburn","","Dave","Conservative","Conservateur",N,N,21
24033,"Lac-Saint-Jean","Lac-Saint-Jean"," 518","Mobile poll/Bureau itinérant",N,N,"",2,106,"Boily-Maltais","","Hugues","NDP-New Democratic Party","NPD-Nouveau Parti démocratique",N,N,3
24033,"Lac-Saint-Jean","Lac-Saint-Jean"," 518","Mobile poll/Bureau itinérant",N,N,"",2,106,"Bouchard","","Lorie","People's Party - PPC","Parti populaire - PPC",N,N,1
24033,"Lac-Saint-Jean","Lac-Saint-Jean"," 518","Mobile poll/Bureau itinérant",N,N,"",2,106,"Brunelle-Duceppe","","Alexis","Bloc Québécois","Bloc Québécois",Y,Y,29
24033,"Lac-Saint-Jean","Lac-Saint-Jean"," 518","Mobile poll/Bureau itinérant",N,N,"",2,106,"Lemieux","","Denis","Liberal","Libéral",N,N,34
24033,"Lac-Saint-Jean","Lac-Saint-Jean"," 519","Mobile poll/Bureau itinérant",N,N,"520",0,19,"Blackburn","","Dave","Conservative","Conservateur",N,N,0
24033,"Lac-Saint-Jean","Lac-Saint-Jean"," 519","Mobile poll/Bureau itinérant",N,N,"520",0,19,"Boily-Maltais","","Hugues","NDP-New Democratic Party","NPD-Nouveau Parti démocratique",N,N,0
24033,"Lac-Saint-Jean","Lac-Saint-Jean"," 519","Mobile poll/Bureau itinérant",N,N,"520",0,19,"Bouchard","","Lorie","People's Party - PPC","Parti populaire - PPC",N,N,0
24033,"Lac-Saint-Jean","Lac-Saint-Jean"," 519","Mobile poll/Bureau itinérant",N,N,"520",0,19,"Brunelle-Duceppe","","Alexis","Bloc Québécois","Bloc Québécois",Y,Y,0
24033,"Lac-Saint-Jean","Lac-Saint-Jean"," 519","Mobile poll/Bureau itinérant",N,N,"520",0,19,"Lemieux","","Denis","Liberal","Libéral",N,N,0
24033,"Lac-Saint-Jean","Lac-Saint-Jean"," 520","Mobile poll/Bureau itinérant",N,N,"",4,22,"Blackburn","","Dave","Conservative","Conservateur",N,N,7
24033,"Lac-Saint-Jean","Lac-Saint-Jean"," 520","Mobile poll/Bureau itinérant",N,N,"",4,22,"Boily-Maltais","","Hugues","NDP-New Democratic Party","NPD-Nouveau Parti démocratique",N,N,2
24033,"Lac-Saint-Jean","Lac-Saint-Jean"," 520","Mobile poll/Bureau itinérant",N,N,"",4,22,"Bouchard","","Lorie","People's Party - PPC","Parti populaire - PPC",N,N,2
24033,"Lac-Saint-Jean","Lac-Saint-Jean"," 520","Mobile poll/Bureau itinérant",N,N,"",4,22,"Brunelle-Duceppe","","Alexis","Bloc Québécois","Bloc Québécois",Y,Y,24
24033,"Lac-Saint-Jean","Lac-Saint-Jean"," 520","Mobile poll/Bureau itinérant",N,N,"",4,22,"Lemieux","","Denis","Liberal","Libéral",N,N,17
24033,"Lac-Saint-Jean","Lac-Saint-Jean"," 521","Mobile poll/Bureau itinérant",N,N,"522",0,8,"Blackburn","","Dave","Conservative","Conservateur",N,N,0
24033,"Lac-Saint-Jean","Lac-Saint-Jean"," 521","Mobile poll/Bureau itinérant",N,N,"522",0,8,"Boily-Maltais","","Hugues","NDP-New Democratic Party","NPD-Nouveau Parti démocratique",N,N,0
24033,"Lac-Saint-Jean","Lac-Saint-Jean"," 521","Mobile poll/Bureau itinérant",N,N,"522",0,8,"Bouchard","","Lorie","People's Party - PPC","Parti populaire - PPC",N,N,0
24033,"Lac-Saint-Jean","Lac-Saint-Jean"," 521","Mobile poll/Bureau itinérant",N,N,"522",0,8,"Brunelle-Duceppe","","Alexis","Bloc Québécois","Bloc Québécois",Y,Y,0
24033,"Lac-Saint-Jean","Lac-Saint-Jean"," 521","Mobile poll/Bureau itinérant",N,N,"522",0,8,"Lemieux","","Denis","Liberal","Libéral",N,N,0
24033,"Lac-Saint-Jean","Lac-Saint-Jean"," 522","Mobile poll/Bureau itinérant",N,N,"",1,79,"Blackburn","","Dave","Conservative","Conservateur",N,N,12
24033,"Lac-Saint-Jean","Lac-Saint-Jean"," 522","Mobile poll/Bureau itinérant",N,N,"",1,79,"Boily-Maltais","","Hugues","NDP-New Democratic Party","NPD-Nouveau Parti démocratique",N,N,2
24033,"Lac-Saint-Jean","Lac-Saint-Jean"," 522","Mobile poll/Bureau itinérant",N,N,"",1,79,"Bouchard","","Lorie","People's Party - PPC","Parti populaire - PPC",N,N,1
24033,"Lac-Saint-Jean","Lac-Saint-Jean"," 522","Mobile poll/Bureau itinérant",N,N,"",1,79,"Brunelle-Duceppe","","Alexis","Bloc Québécois","Bloc Québécois",Y,Y,19
24033,"Lac-Saint-Jean","Lac-Saint-Jean"," 522","Mobile poll/Bureau itinérant",N,N,"",1,79,"Lemieux","","Denis","Liberal","Libéral",N,N,21
24033,"Lac-Saint-Jean","Lac-Saint-Jean"," 523","Mobile poll/Bureau itinérant",N,N,"",5,122,"Blackburn","","Dave","Conservative","Conservateur",N,N,11
24033,"Lac-Saint-Jean","Lac-Saint-Jean"," 523","Mobile poll/Bureau itinérant",N,N,"",5,122,"Boily-Maltais","","Hugues","NDP-New Democratic Party","NPD-Nouveau Parti démocratique",N,N,2
24033,"Lac-Saint-Jean","Lac-Saint-Jean"," 523","Mobile poll/Bureau itinérant",N,N,"",5,122,"Bouchard","","Lorie","People's Party - PPC","Parti populaire - PPC",N,N,2
24033,"Lac-Saint-Jean","Lac-Saint-Jean"," 523","Mobile poll/Bureau itinérant",N,N,"",5,122,"Brunelle-Duceppe","","Alexis","Bloc Québécois","Bloc Québécois",Y,Y,28
24033,"Lac-Saint-Jean","Lac-Saint-Jean"," 523","Mobile poll/Bureau itinérant",N,N,"",5,122,"Lemieux","","Denis","Liberal","Libéral",N,N,54
24033,"Lac-Saint-Jean","Lac-Saint-Jean"," 524","Roberval",N,N,"184",0,3,"Blackburn","","Dave","Conservative","Conservateur",N,N,0
24033,"Lac-Saint-Jean","Lac-Saint-Jean"," 524","Roberval",N,N,"184",0,3,"Boily-Maltais","","Hugues","NDP-New Democratic Party","NPD-Nouveau Parti démocratique",N,N,0
24033,"Lac-Saint-Jean","Lac-Saint-Jean"," 524","Roberval",N,N,"184",0,3,"Bouchard","","Lorie","People's Party - PPC","Parti populaire - PPC",N,N,0
24033,"Lac-Saint-Jean","Lac-Saint-Jean"," 524","Roberval",N,N,"184",0,3,"Brunelle-Duceppe","","Alexis","Bloc Québécois","Bloc Québécois",Y,Y,0
24033,"Lac-Saint-Jean","Lac-Saint-Jean"," 524","Roberval",N,N,"184",0,3,"Lemieux","","Denis","Liberal","Libéral",N,N,0
24033,"Lac-Saint-Jean","Lac-Saint-Jean"," 525","Mobile poll/Bureau itinérant",N,N,"523",0,12,"Blackburn","","Dave","Conservative","Conservateur",N,N,0
24033,"Lac-Saint-Jean","Lac-Saint-Jean"," 525","Mobile poll/Bureau itinérant",N,N,"523",0,12,"Boily-Maltais","","Hugues","NDP-New Democratic Party","NPD-Nouveau Parti démocratique",N,N,0
24033,"Lac-Saint-Jean","Lac-Saint-Jean"," 525","Mobile poll/Bureau itinérant",N,N,"523",0,12,"Bouchard","","Lorie","People's Party - PPC","Parti populaire - PPC",N,N,0
24033,"Lac-Saint-Jean","Lac-Saint-Jean"," 525","Mobile poll/Bureau itinérant",N,N,"523",0,12,"Brunelle-Duceppe","","Alexis","Bloc Québécois","Bloc Québécois",Y,Y,0
24033,"Lac-Saint-Jean","Lac-Saint-Jean"," 525","Mobile poll/Bureau itinérant",N,N,"523",0,12,"Lemieux","","Denis","Liberal","Libéral",N,N,0
24033,"Lac-Saint-Jean","Lac-Saint-Jean"," 526","Mobile poll/Bureau itinérant",N,N,"",0,26,"Blackburn","","Dave","Conservative","Conservateur",N,N,5
24033,"Lac-Saint-Jean","Lac-Saint-Jean"," 526","Mobile poll/Bureau itinérant",N,N,"",0,26,"Boily-Maltais","","Hugues","NDP-New Democratic Party","NPD-Nouveau Parti démocratique",N,N,0
24033,"Lac-Saint-Jean","Lac-Saint-Jean"," 526","Mobile poll/Bureau itinérant",N,N,"",0,26,"Bouchard","","Lorie","People's Party - PPC","Parti populaire - PPC",N,N,1
24033,"Lac-Saint-Jean","Lac-Saint-Jean"," 526","Mobile poll/Bureau itinérant",N,N,"",0,26,"Brunelle-Duceppe","","Alexis","Bloc Québécois","Bloc Québécois",Y,Y,13
24033,"Lac-Saint-Jean","Lac-Saint-Jean"," 526","Mobile poll/Bureau itinérant",N,N,"",0,26,"Lemieux","","Denis","Liberal","Libéral",N,N,13
24033,"Lac-Saint-Jean","Lac-Saint-Jean"," 527","Mobile poll/Bureau itinérant",N,N,"",1,10,"Blackburn","","Dave","Conservative","Conservateur",N,N,9
24033,"Lac-Saint-Jean","Lac-Saint-Jean"," 527","Mobile poll/Bureau itinérant",N,N,"",1,10,"Boily-Maltais","","Hugues","NDP-New Democratic Party","NPD-Nouveau Parti démocratique",N,N,1
24033,"Lac-Saint-Jean","Lac-Saint-Jean"," 527","Mobile poll/Bureau itinérant",N,N,"",1,10,"Bouchard","","Lorie","People's Party - PPC","Parti populaire - PPC",N,N,0
24033,"Lac-Saint-Jean","Lac-Saint-Jean"," 527","Mobile poll/Bureau itinérant",N,N,"",1,10,"Brunelle-Duceppe","","Alexis","Bloc Québécois","Bloc Québécois",Y,Y,16
24033,"Lac-Saint-Jean","Lac-Saint-Jean"," 527","Mobile poll/Bureau itinérant",N,N,"",1,10,"Lemieux","","Denis","Liberal","Libéral",N,N,11
24033,"Lac-Saint-Jean","Lac-Saint-Jean"," 528","Mobile poll/Bureau itinérant",N,N,"527",0,10,"Blackburn","","Dave","Conservative","Conservateur",N,N,0
24033,"Lac-Saint-Jean","Lac-Saint-Jean"," 528","Mobile poll/Bureau itinérant",N,N,"527",0,10,"Boily-Maltais","","Hugues","NDP-New Democratic Party","NPD-Nouveau Parti démocratique",N,N,0
24033,"Lac-Saint-Jean","Lac-Saint-Jean"," 528","Mobile poll/Bureau itinérant",N,N,"527",0,10,"Bouchard","","Lorie","People's Party - PPC","Parti populaire - PPC",N,N,0
24033,"Lac-Saint-Jean","Lac-Saint-Jean"," 528","Mobile poll/Bureau itinérant",N,N,"527",0,10,"Brunelle-Duceppe","","Alexis","Bloc Québécois","Bloc Québécois",Y,Y,0
24033,"Lac-Saint-Jean","Lac-Saint-Jean"," 528","Mobile poll/Bureau itinérant",N,N,"527",0,10,"Lemieux","","Denis","Liberal","Libéral",N,N,0
24033,"Lac-Saint-Jean","Lac-Saint-Jean"," 529","Mobile poll/Bureau itinérant",Y,N,"",0,0,"Blackburn","","Dave","Conservative","Conservateur",N,N,0
24033,"Lac-Saint-Jean","Lac-Saint-Jean"," 529","Mobile poll/Bureau itinérant",Y,N,"",0,0,"Boily-Maltais","","Hugues","NDP-New Democratic Party","NPD-Nouveau Parti démocratique",N,N,0
24033,"Lac-Saint-Jean","Lac-Saint-Jean"," 529","Mobile poll/Bureau itinérant",Y,N,"",0,0,"Bouchard","","Lorie","People's Party - PPC","Parti populaire - PPC",N,N,0
24033,"Lac-Saint-Jean","Lac-Saint-Jean"," 529","Mobile poll/Bureau itinérant",Y,N,"",0,0,"Brunelle-Duceppe","","Alexis","Bloc Québécois","Bloc Québécois",Y,Y,0
24033,"Lac-Saint-Jean","Lac-Saint-Jean"," 529","Mobile poll/Bureau itinérant",Y,N,"",0,0,"Lemieux","","Denis","Liberal","Libéral",N,N,0
24033,"Lac-Saint-Jean","Lac-Saint-Jean"," 530","Mobile poll/Bureau itinérant",N,N,"",1,79,"Blackburn","","Dave","Conservative","Conservateur",N,N,4
24033,"Lac-Saint-Jean","Lac-Saint-Jean"," 530","Mobile poll/Bureau itinérant",N,N,"",1,79,"Boily-Maltais","","Hugues","NDP-New Democratic Party","NPD-Nouveau Parti démocratique",N,N,3
24033,"Lac-Saint-Jean","Lac-Saint-Jean"," 530","Mobile poll/Bureau itinérant",N,N,"",1,79,"Bouchard","","Lorie","People's Party - PPC","Parti populaire - PPC",N,N,1
24033,"Lac-Saint-Jean","Lac-Saint-Jean"," 530","Mobile poll/Bureau itinérant",N,N,"",1,79,"Brunelle-Duceppe","","Alexis","Bloc Québécois","Bloc Québécois",Y,Y,37
24033,"Lac-Saint-Jean","Lac-Saint-Jean"," 530","Mobile poll/Bureau itinérant",N,N,"",1,79,"Lemieux","","Denis","Liberal","Libéral",N,N,26
24033,"Lac-Saint-Jean","Lac-Saint-Jean"," 531","Mobile poll/Bureau itinérant",N,N,"535",0,16,"Blackburn","","Dave","Conservative","Conservateur",N,N,0
24033,"Lac-Saint-Jean","Lac-Saint-Jean"," 531","Mobile poll/Bureau itinérant",N,N,"535",0,16,"Boily-Maltais","","Hugues","NDP-New Democratic Party","NPD-Nouveau Parti démocratique",N,N,0
24033,"Lac-Saint-Jean","Lac-Saint-Jean"," 531","Mobile poll/Bureau itinérant",N,N,"535",0,16,"Bouchard","","Lorie","People's Party - PPC","Parti populaire - PPC",N,N,0
24033,"Lac-Saint-Jean","Lac-Saint-Jean"," 531","Mobile poll/Bureau itinérant",N,N,"535",0,16,"Brunelle-Duceppe","","Alexis","Bloc Québécois","Bloc Québécois",Y,Y,0
24033,"Lac-Saint-Jean","Lac-Saint-Jean"," 531","Mobile poll/Bureau itinérant",N,N,"535",0,16,"Lemieux","","Denis","Liberal","Libéral",N,N,0
24033,"Lac-Saint-Jean","Lac-Saint-Jean"," 532","Mobile poll/Bureau itinérant",N,N,"530",0,59,"Blackburn","","Dave","Conservative","Conservateur",N,N,0
24033,"Lac-Saint-Jean","Lac-Saint-Jean"," 532","Mobile poll/Bureau itinérant",N,N,"530",0,59,"Boily-Maltais","","Hugues","NDP-New Democratic Party","NPD-Nouveau Parti démocratique",N,N,0
24033,"Lac-Saint-Jean","Lac-Saint-Jean"," 532","Mobile poll/Bureau itinérant",N,N,"530",0,59,"Bouchard","","Lorie","People's Party - PPC","Parti populaire - PPC",N,N,0
24033,"Lac-Saint-Jean","Lac-Saint-Jean"," 532","Mobile poll/Bureau itinérant",N,N,"530",0,59,"Brunelle-Duceppe","","Alexis","Bloc Québécois","Bloc Québécois",Y,Y,0
24033,"Lac-Saint-Jean","Lac-Saint-Jean"," 532","Mobile poll/Bureau itinérant",N,N,"530",0,59,"Lemieux","","Denis","Liberal","Libéral",N,N,0
24033,"Lac-Saint-Jean","Lac-Saint-Jean"," 533","Alma",N,N,"83A",0,5,"Blackburn","","Dave","Conservative","Conservateur",N,N,0
24033,"Lac-Saint-Jean","Lac-Saint-Jean"," 533","Alma",N,N,"83A",0,5,"Boily-Maltais","","Hugues","NDP-New Democratic Party","NPD-Nouveau Parti démocratique",N,N,0
24033,"Lac-Saint-Jean","Lac-Saint-Jean"," 533","Alma",N,N,"83A",0,5,"Bouchard","","Lorie","People's Party - PPC","Parti populaire - PPC",N,N,0
24033,"Lac-Saint-Jean","Lac-Saint-Jean"," 533","Alma",N,N,"83A",0,5,"Brunelle-Duceppe","","Alexis","Bloc Québécois","Bloc Québécois",Y,Y,0
24033,"Lac-Saint-Jean","Lac-Saint-Jean"," 533","Alma",N,N,"83A",0,5,"Lemieux","","Denis","Liberal","Libéral",N,N,0
24033,"Lac-Saint-Jean","Lac-Saint-Jean"," 534","Alma",N,N,"98",0,5,"Blackburn","","Dave","Conservative","Conservateur",N,N,0
24033,"Lac-Saint-Jean","Lac-Saint-Jean"," 534","Alma",N,N,"98",0,5,"Boily-Maltais","","Hugues","NDP-New Democratic Party","NPD-Nouveau Parti démocratique",N,N,0
24033,"Lac-Saint-Jean","Lac-Saint-Jean"," 534","Alma",N,N,"98",0,5,"Bouchard","","Lorie","People's Party - PPC","Parti populaire - PPC",N,N,0
24033,"Lac-Saint-Jean","Lac-Saint-Jean"," 534","Alma",N,N,"98",0,5,"Brunelle-Duceppe","","Alexis","Bloc Québécois","Bloc Québécois",Y,Y,0
24033,"Lac-Saint-Jean","Lac-Saint-Jean"," 534","Alma",N,N,"98",0,5,"Lemieux","","Denis","Liberal","Libéral",N,N,0
24033,"Lac-Saint-Jean","Lac-Saint-Jean"," 535","Mobile poll/Bureau itinérant",N,N,"",4,153,"Blackburn","","Dave","Conservative","Conservateur",N,N,10
24033,"Lac-Saint-Jean","Lac-Saint-Jean"," 535","Mobile poll/Bureau itinérant",N,N,"",4,153,"Boily-Maltais","","Hugues","NDP-New Democratic Party","NPD-Nouveau Parti démocratique",N,N,0
24033,"Lac-Saint-Jean","Lac-Saint-Jean"," 535","Mobile poll/Bureau itinérant",N,N,"",4,153,"Bouchard","","Lorie","People's Party - PPC","Parti populaire - PPC",N,N,3
24033,"Lac-Saint-Jean","Lac-Saint-Jean"," 535","Mobile poll/Bureau itinérant",N,N,"",4,153,"Brunelle-Duceppe","","Alexis","Bloc Québécois","Bloc Québécois",Y,Y,41
24033,"Lac-Saint-Jean","Lac-Saint-Jean"," 535","Mobile poll/Bureau itinérant",N,N,"",4,153,"Lemieux","","Denis","Liberal","Libéral",N,N,50
24033,"Lac-Saint-Jean","Lac-Saint-Jean"," 536","Mobile poll/Bureau itinérant",N,N,"",12,72,"Blackburn","","Dave","Conservative","Conservateur",N,N,8
24033,"Lac-Saint-Jean","Lac-Saint-Jean"," 536","Mobile poll/Bureau itinérant",N,N,"",12,72,"Boily-Maltais","","Hugues","NDP-New Democratic Party","NPD-Nouveau Parti démocratique",N,N,1
24033,"Lac-Saint-Jean","Lac-Saint-Jean"," 536","Mobile poll/Bureau itinérant",N,N,"",12,72,"Bouchard","","Lorie","People's Party - PPC","Parti populaire - PPC",N,N,3
24033,"Lac-Saint-Jean","Lac-Saint-Jean"," 536","Mobile poll/Bureau itinérant",N,N,"",12,72,"Brunelle-Duceppe","","Alexis","Bloc Québécois","Bloc Québécois",Y,Y,47
24033,"Lac-Saint-Jean","Lac-Saint-Jean"," 536","Mobile poll/Bureau itinérant",N,N,"",12,72,"Lemieux","","Denis","Liberal","Libéral",N,N,32
24033,"Lac-Saint-Jean","Lac-Saint-Jean"," 537","Mobile poll/Bureau itinérant",N,N,"536",0,42,"Blackburn","","Dave","Conservative","Conservateur",N,N,0
24033,"Lac-Saint-Jean","Lac-Saint-Jean"," 537","Mobile poll/Bureau itinérant",N,N,"536",0,42,"Boily-Maltais","","Hugues","NDP-New Democratic Party","NPD-Nouveau Parti démocratique",N,N,0
24033,"Lac-Saint-Jean","Lac-Saint-Jean"," 537","Mobile poll/Bureau itinérant",N,N,"536",0,42,"Bouchard","","Lorie","People's Party - PPC","Parti populaire - PPC",N,N,0
24033,"Lac-Saint-Jean","Lac-Saint-Jean"," 537","Mobile poll/Bureau itinérant",N,N,"536",0,42,"Brunelle-Duceppe","","Alexis","Bloc Québécois","Bloc Québécois",Y,Y,0
24033,"Lac-Saint-Jean","Lac-Saint-Jean"," 537","Mobile poll/Bureau itinérant",N,N,"536",0,42,"Lemieux","","Denis","Liberal","Libéral",N,N,0
24033,"Lac-Saint-Jean","Lac-Saint-Jean"," 538","Mobile poll/Bureau itinérant",N,N,"536",0,49,"Blackburn","","Dave","Conservative","Conservateur",N,N,0
24033,"Lac-Saint-Jean","Lac-Saint-Jean"," 538","Mobile poll/Bureau itinérant",N,N,"536",0,49,"Boily-Maltais","","Hugues","NDP-New Democratic Party","NPD-Nouveau Parti démocratique",N,N,0
24033,"Lac-Saint-Jean","Lac-Saint-Jean"," 538","Mobile poll/Bureau itinérant",N,N,"536",0,49,"Bouchard","","Lorie","People's Party - PPC","Parti populaire - PPC",N,N,0
24033,"Lac-Saint-Jean","Lac-Saint-Jean"," 538","Mobile poll/Bureau itinérant",N,N,"536",0,49,"Brunelle-Duceppe","","Alexis","Bloc Québécois","Bloc Québécois",Y,Y,0
24033,"Lac-Saint-Jean","Lac-Saint-Jean"," 538","Mobile poll/Bureau itinérant",N,N,"536",0,49,"Lemieux","","Denis","Liberal","Libéral",N,N,0
24033,"Lac-Saint-Jean","Lac-Saint-Jean"," 539","Mobile poll/Bureau itinérant",N,N,"542",0,17,"Blackburn","","Dave","Conservative","Conservateur",N,N,0
24033,"Lac-Saint-Jean","Lac-Saint-Jean"," 539","Mobile poll/Bureau itinérant",N,N,"542",0,17,"Boily-Maltais","","Hugues","NDP-New Democratic Party","NPD-Nouveau Parti démocratique",N,N,0
24033,"Lac-Saint-Jean","Lac-Saint-Jean"," 539","Mobile poll/Bureau itinérant",N,N,"542",0,17,"Bouchard","","Lorie","People's Party - PPC","Parti populaire - PPC",N,N,0
24033,"Lac-Saint-Jean","Lac-Saint-Jean"," 539","Mobile poll/Bureau itinérant",N,N,"542",0,17,"Brunelle-Duceppe","","Alexis","Bloc Québécois","Bloc Québécois",Y,Y,0
24033,"Lac-Saint-Jean","Lac-Saint-Jean"," 539","Mobile poll/Bureau itinérant",N,N,"542",0,17,"Lemieux","","Denis","Liberal","Libéral",N,N,0
24033,"Lac-Saint-Jean","Lac-Saint-Jean"," 540","Mobile poll/Bureau itinérant",N,N,"543",0,13,"Blackburn","","Dave","Conservative","Conservateur",N,N,0
24033,"Lac-Saint-Jean","Lac-Saint-Jean"," 540","Mobile poll/Bureau itinérant",N,N,"543",0,13,"Boily-Maltais","","Hugues","NDP-New Democratic Party","NPD-Nouveau Parti démocratique",N,N,0
24033,"Lac-Saint-Jean","Lac-Saint-Jean"," 540","Mobile poll/Bureau itinérant",N,N,"543",0,13,"Bouchard","","Lorie","People's Party - PPC","Parti populaire - PPC",N,N,0
24033,"Lac-Saint-Jean","Lac-Saint-Jean"," 540","Mobile poll/Bureau itinérant",N,N,"543",0,13,"Brunelle-Duceppe","","Alexis","Bloc Québécois","Bloc Québécois",Y,Y,0
24033,"Lac-Saint-Jean","Lac-Saint-Jean"," 540","Mobile poll/Bureau itinérant",N,N,"543",0,13,"Lemieux","","Denis","Liberal","Libéral",N,N,0
24033,"Lac-Saint-Jean","Lac-Saint-Jean"," 541","Métabetchouan--Lac-à-la-Croix",N,Y,"154",0,5,"Blackburn","","Dave","Conservative","Conservateur",N,N,0
24033,"Lac-Saint-Jean","Lac-Saint-Jean"," 541","Métabetchouan--Lac-à-la-Croix",N,Y,"154",0,5,"Boily-Maltais","","Hugues","NDP-New Democratic Party","NPD-Nouveau Parti démocratique",N,N,0
24033,"Lac-Saint-Jean","Lac-Saint-Jean"," 541","Métabetchouan--Lac-à-la-Croix",N,Y,"154",0,5,"Bouchard","","Lorie","People's Party - PPC","Parti populaire - PPC",N,N,0
24033,"Lac-Saint-Jean","Lac-Saint-Jean"," 541","Métabetchouan--Lac-à-la-Croix",N,Y,"154",0,5,"Brunelle-Duceppe","","Alexis","Bloc Québécois","Bloc Québécois",Y,Y,0
24033,"Lac-Saint-Jean","Lac-Saint-Jean"," 541","Métabetchouan--Lac-à-la-Croix",N,Y,"154",0,5,"Lemieux","","Denis","Liberal","Libéral",N,N,0
24033,"Lac-Saint-Jean","Lac-Saint-Jean"," 542","Mobile poll/Bureau itinérant",N,N,"",4,44,"Blackburn","","Dave","Conservative","Conservateur",N,N,4
24033,"Lac-Saint-Jean","Lac-Saint-Jean"," 542","Mobile poll/Bureau itinérant",N,N,"",4,44,"Boily-Maltais","","Hugues","NDP-New Democratic Party","NPD-Nouveau Parti démocratique",N,N,0
24033,"Lac-Saint-Jean","Lac-Saint-Jean"," 542","Mobile poll/Bureau itinérant",N,N,"",4,44,"Bouchard","","Lorie","People's Party - PPC","Parti populaire - PPC",N,N,2
24033,"Lac-Saint-Jean","Lac-Saint-Jean"," 542","Mobile poll/Bureau itinérant",N,N,"",4,44,"Brunelle-Duceppe","","Alexis","Bloc Québécois","Bloc Québécois",Y,Y,11
24033,"Lac-Saint-Jean","Lac-Saint-Jean"," 542","Mobile poll/Bureau itinérant",N,N,"",4,44,"Lemieux","","Denis","Liberal","Libéral",N,N,15
24033,"Lac-Saint-Jean","Lac-Saint-Jean"," 543","Mobile poll/Bureau itinérant",N,N,"",8,48,"Blackburn","","Dave","Conservative","Conservateur",N,N,9
24033,"Lac-Saint-Jean","Lac-Saint-Jean"," 543","Mobile poll/Bureau itinérant",N,N,"",8,48,"Boily-Maltais","","Hugues","NDP-New Democratic Party","NPD-Nouveau Parti démocratique",N,N,1
24033,"Lac-Saint-Jean","Lac-Saint-Jean"," 543","Mobile poll/Bureau itinérant",N,N,"",8,48,"Bouchard","","Lorie","People's Party - PPC","Parti populaire - PPC",N,N,0
24033,"Lac-Saint-Jean","Lac-Saint-Jean"," 543","Mobile poll/Bureau itinérant",N,N,"",8,48,"Brunelle-Duceppe","","Alexis","Bloc Québécois","Bloc Québécois",Y,Y,16
24033,"Lac-Saint-Jean","Lac-Saint-Jean"," 543","Mobile poll/Bureau itinérant",N,N,"",8,48,"Lemieux","","Denis","Liberal","Libéral",N,N,25
24033,"Lac-Saint-Jean","Lac-Saint-Jean"," 544","Mobile poll/Bureau itinérant",N,N,"543",0,21,"Blackburn","","Dave","Conservative","Conservateur",N,N,0
24033,"Lac-Saint-Jean","Lac-Saint-Jean"," 544","Mobile poll/Bureau itinérant",N,N,"543",0,21,"Boily-Maltais","","Hugues","NDP-New Democratic Party","NPD-Nouveau Parti démocratique",N,N,0
24033,"Lac-Saint-Jean","Lac-Saint-Jean"," 544","Mobile poll/Bureau itinérant",N,N,"543",0,21,"Bouchard","","Lorie","People's Party - PPC","Parti populaire - PPC",N,N,0
24033,"Lac-Saint-Jean","Lac-Saint-Jean"," 544","Mobile poll/Bureau itinérant",N,N,"543",0,21,"Brunelle-Duceppe","","Alexis","Bloc Québécois","Bloc Québécois",Y,Y,0
24033,"Lac-Saint-Jean","Lac-Saint-Jean"," 544","Mobile poll/Bureau itinérant",N,N,"543",0,21,"Lemieux","","Denis","Liberal","Libéral",N,N,0
24033,"Lac-Saint-Jean","Lac-Saint-Jean"," 545","Mobile poll/Bureau itinérant",N,N,"547",0,30,"Blackburn","","Dave","Conservative","Conservateur",N,N,0
24033,"Lac-Saint-Jean","Lac-Saint-Jean"," 545","Mobile poll/Bureau itinérant",N,N,"547",0,30,"Boily-Maltais","","Hugues","NDP-New Democratic Party","NPD-Nouveau Parti démocratique",N,N,0
24033,"Lac-Saint-Jean","Lac-Saint-Jean"," 545","Mobile poll/Bureau itinérant",N,N,"547",0,30,"Bouchard","","Lorie","People's Party - PPC","Parti populaire - PPC",N,N,0
24033,"Lac-Saint-Jean","Lac-Saint-Jean"," 545","Mobile poll/Bureau itinérant",N,N,"547",0,30,"Brunelle-Duceppe","","Alexis","Bloc Québécois","Bloc Québécois",Y,Y,0
24033,"Lac-Saint-Jean","Lac-Saint-Jean"," 545","Mobile poll/Bureau itinérant",N,N,"547",0,30,"Lemieux","","Denis","Liberal","Libéral",N,N,0
24033,"Lac-Saint-Jean","Lac-Saint-Jean"," 546","Mobile poll/Bureau itinérant",N,N,"547",0,19,"Blackburn","","Dave","Conservative","Conservateur",N,N,0
24033,"Lac-Saint-Jean","Lac-Saint-Jean"," 546","Mobile poll/Bureau itinérant",N,N,"547",0,19,"Boily-Maltais","","Hugues","NDP-New Democratic Party","NPD-Nouveau Parti démocratique",N,N,0
24033,"Lac-Saint-Jean","Lac-Saint-Jean"," 546","Mobile poll/Bureau itinérant",N,N,"547",0,19,"Bouchard","","Lorie","People's Party - PPC","Parti populaire - PPC",N,N,0
24033,"Lac-Saint-Jean","Lac-Saint-Jean"," 546","Mobile poll/Bureau itinérant",N,N,"547",0,19,"Brunelle-Duceppe","","Alexis","Bloc Québécois","Bloc Québécois",Y,Y,0
24033,"Lac-Saint-Jean","Lac-Saint-Jean"," 546","Mobile poll/Bureau itinérant",N,N,"547",0,19,"Lemieux","","Denis","Liberal","Libéral",N,N,0
24033,"Lac-Saint-Jean","Lac-Saint-Jean"," 547","Mobile poll/Bureau itinérant",N,N,"",4,11,"Blackburn","","Dave","Conservative","Conservateur",N,N,7
24033,"Lac-Saint-Jean","Lac-Saint-Jean"," 547","Mobile poll/Bureau itinérant",N,N,"",4,11,"Boily-Maltais","","Hugues","NDP-New Democratic Party","NPD-Nouveau Parti démocratique",N,N,2
24033,"Lac-Saint-Jean","Lac-Saint-Jean"," 547","Mobile poll/Bureau itinérant",N,N,"",4,11,"Bouchard","","Lorie","People's Party - PPC","Parti populaire - PPC",N,N,0
24033,"Lac-Saint-Jean","Lac-Saint-Jean"," 547","Mobile poll/Bureau itinérant",N,N,"",4,11,"Brunelle-Duceppe","","Alexis","Bloc Québécois","Bloc Québécois",Y,Y,26
24033,"Lac-Saint-Jean","Lac-Saint-Jean"," 547","Mobile poll/Bureau itinérant",N,N,"",4,11,"Lemieux","","Denis","Liberal","Libéral",N,N,25
24033,"Lac-Saint-Jean","Lac-Saint-Jean"," 548","Mobile poll/Bureau itinérant",N,N,"547",0,18,"Blackburn","","Dave","Conservative","Conservateur",N,N,0
24033,"Lac-Saint-Jean","Lac-Saint-Jean"," 548","Mobile poll/Bureau itinérant",N,N,"547",0,18,"Boily-Maltais","","Hugues","NDP-New Democratic Party","NPD-Nouveau Parti démocratique",N,N,0
24033,"Lac-Saint-Jean","Lac-Saint-Jean"," 548","Mobile poll/Bureau itinérant",N,N,"547",0,18,"Bouchard","","Lorie","People's Party - PPC","Parti populaire - PPC",N,N,0
24033,"Lac-Saint-Jean","Lac-Saint-Jean"," 548","Mobile poll/Bureau itinérant",N,N,"547",0,18,"Brunelle-Duceppe","","Alexis","Bloc Québécois","Bloc Québécois",Y,Y,0
24033,"Lac-Saint-Jean","Lac-Saint-Jean"," 548","Mobile poll/Bureau itinérant",N,N,"547",0,18,"Lemieux","","Denis","Liberal","Libéral",N,N,0
24033,"Lac-Saint-Jean","Lac-Saint-Jean"," 600","Normandin",N,N,"",7,0,"Blackburn","","Dave","Conservative","Conservateur",N,N,99
24033,"Lac-Saint-Jean","Lac-Saint-Jean"," 600","Normandin",N,N,"",7,0,"Boily-Maltais","","Hugues","NDP-New Democratic Party","NPD-Nouveau Parti démocratique",N,N,5
24033,"Lac-Saint-Jean","Lac-Saint-Jean"," 600","Normandin",N,N,"",7,0,"Bouchard","","Lorie","People's Party - PPC","Parti populaire - PPC",N,N,3
24033,"Lac-Saint-Jean","Lac-Saint-Jean"," 600","Normandin",N,N,"",7,0,"Brunelle-Duceppe","","Alexis","Bloc Québécois","Bloc Québécois",Y,Y,200
24033,"Lac-Saint-Jean","Lac-Saint-Jean"," 600","Normandin",N,N,"",7,0,"Lemieux","","Denis","Liberal","Libéral",N,N,143
24033,"Lac-Saint-Jean","Lac-Saint-Jean"," 601","Notre-Dame-de-Lorette",N,N,"",1,0,"Blackburn","","Dave","Conservative","Conservateur",N,N,1
24033,"Lac-Saint-Jean","Lac-Saint-Jean"," 601","Notre-Dame-de-Lorette",N,N,"",1,0,"Boily-Maltais","","Hugues","NDP-New Democratic Party","NPD-Nouveau Parti démocratique",N,N,0
24033,"Lac-Saint-Jean","Lac-Saint-Jean"," 601","Notre-Dame-de-Lorette",N,N,"",1,0,"Bouchard","","Lorie","People's Party - PPC","Parti populaire - PPC",N,N,0
24033,"Lac-Saint-Jean","Lac-Saint-Jean"," 601","Notre-Dame-de-Lorette",N,N,"",1,0,"Brunelle-Duceppe","","Alexis","Bloc Québécois","Bloc Québécois",Y,Y,3
24033,"Lac-Saint-Jean","Lac-Saint-Jean"," 601","Notre-Dame-de-Lorette",N,N,"",1,0,"Lemieux","","Denis","Liberal","Libéral",N,N,2
24033,"Lac-Saint-Jean","Lac-Saint-Jean"," 602","Albanel",N,N,"",4,0,"Blackburn","","Dave","Conservative","Conservateur",N,N,108
24033,"Lac-Saint-Jean","Lac-Saint-Jean"," 602","Albanel",N,N,"",4,0,"Boily-Maltais","","Hugues","NDP-New Democratic Party","NPD-Nouveau Parti démocratique",N,N,10
24033,"Lac-Saint-Jean","Lac-Saint-Jean"," 602","Albanel",N,N,"",4,0,"Bouchard","","Lorie","People's Party - PPC","Parti populaire - PPC",N,N,0
24033,"Lac-Saint-Jean","Lac-Saint-Jean"," 602","Albanel",N,N,"",4,0,"Brunelle-Duceppe","","Alexis","Bloc Québécois","Bloc Québécois",Y,Y,147
24033,"Lac-Saint-Jean","Lac-Saint-Jean"," 602","Albanel",N,N,"",4,0,"Lemieux","","Denis","Liberal","Libéral",N,N,96
24033,"Lac-Saint-Jean","Lac-Saint-Jean"," 603","Dolbeau-Mistassini",N,N,"",6,0,"Blackburn","","Dave","Conservative","Conservateur",N,N,69
24033,"Lac-Saint-Jean","Lac-Saint-Jean"," 603","Dolbeau-Mistassini",N,N,"",6,0,"Boily-Maltais","","Hugues","NDP-New Democratic Party","NPD-Nouveau Parti démocratique",N,N,4
24033,"Lac-Saint-Jean","Lac-Saint-Jean"," 603","Dolbeau-Mistassini",N,N,"",6,0,"Bouchard","","Lorie","People's Party - PPC","Parti populaire - PPC",N,N,2
24033,"Lac-Saint-Jean","Lac-Saint-Jean"," 603","Dolbeau-Mistassini",N,N,"",6,0,"Brunelle-Duceppe","","Alexis","Bloc Québécois","Bloc Québécois",Y,Y,148
24033,"Lac-Saint-Jean","Lac-Saint-Jean"," 603","Dolbeau-Mistassini",N,N,"",6,0,"Lemieux","","Denis","Liberal","Libéral",N,N,102
24033,"Lac-Saint-Jean","Lac-Saint-Jean"," 604","Alma",N,N,"",7,0,"Blackburn","","Dave","Conservative","Conservateur",N,N,157
24033,"Lac-Saint-Jean","Lac-Saint-Jean"," 604","Alma",N,N,"",7,0,"Boily-Maltais","","Hugues","NDP-New Democratic Party","NPD-Nouveau Parti démocratique",N,N,8
24033,"Lac-Saint-Jean","Lac-Saint-Jean"," 604","Alma",N,N,"",7,0,"Bouchard","","Lorie","People's Party - PPC","Parti populaire - PPC",N,N,13
24033,"Lac-Saint-Jean","Lac-Saint-Jean"," 604","Alma",N,N,"",7,0,"Brunelle-Duceppe","","Alexis","Bloc Québécois","Bloc Québécois",Y,Y,367
24033,"Lac-Saint-Jean","Lac-Saint-Jean"," 604","Alma",N,N,"",7,0,"Lemieux","","Denis","Liberal","Libéral",N,N,326
24033,"Lac-Saint-Jean","Lac-Saint-Jean"," 605","Passes-Dangereuses",N,N,"",9,0,"Blackburn","","Dave","Conservative","Conservateur",N,N,205
24033,"Lac-Saint-Jean","Lac-Saint-Jean"," 605","Passes-Dangereuses",N,N,"",9,0,"Boily-Maltais","","Hugues","NDP-New Democratic Party","NPD-Nouveau Parti démocratique",N,N,12
24033,"Lac-Saint-Jean","Lac-Saint-Jean"," 605","Passes-Dangereuses",N,N,"",9,0,"Bouchard","","Lorie","People's Party - PPC","Parti populaire - PPC",N,N,13
24033,"Lac-Saint-Jean","Lac-Saint-Jean"," 605","Passes-Dangereuses",N,N,"",9,0,"Brunelle-Duceppe","","Alexis","Bloc Québécois","Bloc Québécois",Y,Y,375
24033,"Lac-Saint-Jean","Lac-Saint-Jean"," 605","Passes-Dangereuses",N,N,"",9,0,"Lemieux","","Denis","Liberal","Libéral",N,N,265
24033,"Lac-Saint-Jean","Lac-Saint-Jean"," 606","Saint-Augustin",N,N,"",3,0,"Blackburn","","Dave","Conservative","Conservateur",N,N,27
24033,"Lac-Saint-Jean","Lac-Saint-Jean"," 606","Saint-Augustin",N,N,"",3,0,"Boily-Maltais","","Hugues","NDP-New Democratic Party","NPD-Nouveau Parti démocratique",N,N,3
24033,"Lac-Saint-Jean","Lac-Saint-Jean"," 606","Saint-Augustin",N,N,"",3,0,"Bouchard","","Lorie","People's Party - PPC","Parti populaire - PPC",N,N,0
24033,"Lac-Saint-Jean","Lac-Saint-Jean"," 606","Saint-Augustin",N,N,"",3,0,"Brunelle-Duceppe","","Alexis","Bloc Québécois","Bloc Québécois",Y,Y,46
24033,"Lac-Saint-Jean","Lac-Saint-Jean"," 606","Saint-Augustin",N,N,"",3,0,"Lemieux","","Denis","Liberal","Libéral",N,N,34
24033,"Lac-Saint-Jean","Lac-Saint-Jean"," 607","L'Ascension",N,N,"",1,0,"Blackburn","","Dave","Conservative","Conservateur",N,N,31
24033,"Lac-Saint-Jean","Lac-Saint-Jean"," 607","L'Ascension",N,N,"",1,0,"Boily-Maltais","","Hugues","NDP-New Democratic Party","NPD-Nouveau Parti démocratique",N,N,2
24033,"Lac-Saint-Jean","Lac-Saint-Jean"," 607","L'Ascension",N,N,"",1,0,"Bouchard","","Lorie","People's Party - PPC","Parti populaire - PPC",N,N,2
24033,"Lac-Saint-Jean","Lac-Saint-Jean"," 607","L'Ascension",N,N,"",1,0,"Brunelle-Duceppe","","Alexis","Bloc Québécois","Bloc Québécois",Y,Y,96
24033,"Lac-Saint-Jean","Lac-Saint-Jean"," 607","L'Ascension",N,N,"",1,0,"Lemieux","","Denis","Liberal","Libéral",N,N,40
24033,"Lac-Saint-Jean","Lac-Saint-Jean"," 608","Alma",N,N,"",3,0,"Blackburn","","Dave","Conservative","Conservateur",N,N,126
24033,"Lac-Saint-Jean","Lac-Saint-Jean"," 608","Alma",N,N,"",3,0,"Boily-Maltais","","Hugues","NDP-New Democratic Party","NPD-Nouveau Parti démocratique",N,N,7
24033,"Lac-Saint-Jean","Lac-Saint-Jean"," 608","Alma",N,N,"",3,0,"Bouchard","","Lorie","People's Party - PPC","Parti populaire - PPC",N,N,6
24033,"Lac-Saint-Jean","Lac-Saint-Jean"," 608","Alma",N,N,"",3,0,"Brunelle-Duceppe","","Alexis","Bloc Québécois","Bloc Québécois",Y,Y,317
24033,"Lac-Saint-Jean","Lac-Saint-Jean"," 608","Alma",N,N,"",3,0,"Lemieux","","Denis","Liberal","Libéral",N,N,223
24033,"Lac-Saint-Jean","Lac-Saint-Jean"," 609","Alma",N,N,"",9,0,"Blackburn","","Dave","Conservative","Conservateur",N,N,203
24033,"Lac-Saint-Jean","Lac-Saint-Jean"," 609","Alma",N,N,"",9,0,"Boily-Maltais","","Hugues","NDP-New Democratic Party","NPD-Nouveau Parti démocratique",N,N,16
24033,"Lac-Saint-Jean","Lac-Saint-Jean"," 609","Alma",N,N,"",9,0,"Bouchard","","Lorie","People's Party - PPC","Parti populaire - PPC",N,N,10
24033,"Lac-Saint-Jean","Lac-Saint-Jean"," 609","Alma",N,N,"",9,0,"Brunelle-Duceppe","","Alexis","Bloc Québécois","Bloc Québécois",Y,Y,611
24033,"Lac-Saint-Jean","Lac-Saint-Jean"," 609","Alma",N,N,"",9,0,"Lemieux","","Denis","Liberal","Libéral",N,N,305
24033,"Lac-Saint-Jean","Lac-Saint-Jean"," 610","Alma",N,N,"",8,0,"Blackburn","","Dave","Conservative","Conservateur",N,N,113
24033,"Lac-Saint-Jean","Lac-Saint-Jean"," 610","Alma",N,N,"",8,0,"Boily-Maltais","","Hugues","NDP-New Democratic Party","NPD-Nouveau Parti démocratique",N,N,11
24033,"Lac-Saint-Jean","Lac-Saint-Jean"," 610","Alma",N,N,"",8,0,"Bouchard","","Lorie","People's Party - PPC","Parti populaire - PPC",N,N,3
24033,"Lac-Saint-Jean","Lac-Saint-Jean"," 610","Alma",N,N,"",8,0,"Brunelle-Duceppe","","Alexis","Bloc Québécois","Bloc Québécois",Y,Y,471
24033,"Lac-Saint-Jean","Lac-Saint-Jean"," 610","Alma",N,N,"",8,0,"Lemieux","","Denis","Liberal","Libéral",N,N,214
24033,"Lac-Saint-Jean","Lac-Saint-Jean"," 611","Alma",N,N,"",9,0,"Blackburn","","Dave","Conservative","Conservateur",N,N,88
24033,"Lac-Saint-Jean","Lac-Saint-Jean"," 611","Alma",N,N,"",9,0,"Boily-Maltais","","Hugues","NDP-New Democratic Party","NPD-Nouveau Parti démocratique",N,N,13
24033,"Lac-Saint-Jean","Lac-Saint-Jean"," 611","Alma",N,N,"",9,0,"Bouchard","","Lorie","People's Party - PPC","Parti populaire - PPC",N,N,8
24033,"Lac-Saint-Jean","Lac-Saint-Jean"," 611","Alma",N,N,"",9,0,"Brunelle-Duceppe","","Alexis","Bloc Québécois","Bloc Québécois",Y,Y,356
24033,"Lac-Saint-Jean","Lac-Saint-Jean"," 611","Alma",N,N,"",9,0,"Lemieux","","Denis","Liberal","Libéral",N,N,151
24033,"Lac-Saint-Jean","Lac-Saint-Jean"," 612","L'Ascension",N,N,"",16,0,"Blackburn","","Dave","Conservative","Conservateur",N,N,149
24033,"Lac-Saint-Jean","Lac-Saint-Jean"," 612","L'Ascension",N,N,"",16,0,"Boily-Maltais","","Hugues","NDP-New Democratic Party","NPD-Nouveau Parti démocratique",N,N,8
24033,"Lac-Saint-Jean","Lac-Saint-Jean"," 612","L'Ascension",N,N,"",16,0,"Bouchard","","Lorie","People's Party - PPC","Parti populaire - PPC",N,N,14
24033,"Lac-Saint-Jean","Lac-Saint-Jean"," 612","L'Ascension",N,N,"",16,0,"Brunelle-Duceppe","","Alexis","Bloc Québécois","Bloc Québécois",Y,Y,448
24033,"Lac-Saint-Jean","Lac-Saint-Jean"," 612","L'Ascension",N,N,"",16,0,"Lemieux","","Denis","Liberal","Libéral",N,N,263
24033,"Lac-Saint-Jean","Lac-Saint-Jean"," 613","Alma",N,N,"",1,0,"Blackburn","","Dave","Conservative","Conservateur",N,N,42
24033,"Lac-Saint-Jean","Lac-Saint-Jean"," 613","Alma",N,N,"",1,0,"Boily-Maltais","","Hugues","NDP-New Democratic Party","NPD-Nouveau Parti démocratique",N,N,4
24033,"Lac-Saint-Jean","Lac-Saint-Jean"," 613","Alma",N,N,"",1,0,"Bouchard","","Lorie","People's Party - PPC","Parti populaire - PPC",N,N,1
24033,"Lac-Saint-Jean","Lac-Saint-Jean"," 613","Alma",N,N,"",1,0,"Brunelle-Duceppe","","Alexis","Bloc Québécois","Bloc Québécois",Y,Y,95
24033,"Lac-Saint-Jean","Lac-Saint-Jean"," 613","Alma",N,N,"",1,0,"Lemieux","","Denis","Liberal","Libéral",N,N,34
24033,"Lac-Saint-Jean","Lac-Saint-Jean"," 614","Saint-Gédéon",N,N,"",5,0,"Blackburn","","Dave","Conservative","Conservateur",N,N,60
24033,"Lac-Saint-Jean","Lac-Saint-Jean"," 614","Saint-Gédéon",N,N,"",5,0,"Boily-Maltais","","Hugues","NDP-New Democratic Party","NPD-Nouveau Parti démocratique",N,N,5
24033,"Lac-Saint-Jean","Lac-Saint-Jean"," 614","Saint-Gédéon",N,N,"",5,0,"Bouchard","","Lorie","People's Party - PPC","Parti populaire - PPC",N,N,3
24033,"Lac-Saint-Jean","Lac-Saint-Jean"," 614","Saint-Gédéon",N,N,"",5,0,"Brunelle-Duceppe","","Alexis","Bloc Québécois","Bloc Québécois",Y,Y,186
24033,"Lac-Saint-Jean","Lac-Saint-Jean"," 614","Saint-Gédéon",N,N,"",5,0,"Lemieux","","Denis","Liberal","Libéral",N,N,109
24033,"Lac-Saint-Jean","Lac-Saint-Jean"," 615","Mashteuiatsh",N,N,"",0,0,"Blackburn","","Dave","Conservative","Conservateur",N,N,21
24033,"Lac-Saint-Jean","Lac-Saint-Jean"," 615","Mashteuiatsh",N,N,"",0,0,"Boily-Maltais","","Hugues","NDP-New Democratic Party","NPD-Nouveau Parti démocratique",N,N,6
24033,"Lac-Saint-Jean","Lac-Saint-Jean"," 615","Mashteuiatsh",N,N,"",0,0,"Bouchard","","Lorie","People's Party - PPC","Parti populaire - PPC",N,N,4
24033,"Lac-Saint-Jean","Lac-Saint-Jean"," 615","Mashteuiatsh",N,N,"",0,0,"Brunelle-Duceppe","","Alexis","Bloc Québécois","Bloc Québécois",Y,Y,29
24033,"Lac-Saint-Jean","Lac-Saint-Jean"," 615","Mashteuiatsh",N,N,"",0,0,"Lemieux","","Denis","Liberal","Libéral",N,N,68
24033,"Lac-Saint-Jean","Lac-Saint-Jean"," 616","Saint-Félicien",N,N,"",7,0,"Blackburn","","Dave","Conservative","Conservateur",N,N,185
24033,"Lac-Saint-Jean","Lac-Saint-Jean"," 616","Saint-Félicien",N,N,"",7,0,"Boily-Maltais","","Hugues","NDP-New Democratic Party","NPD-Nouveau Parti démocratique",N,N,14
24033,"Lac-Saint-Jean","Lac-Saint-Jean"," 616","Saint-Félicien",N,N,"",7,0,"Bouchard","","Lorie","People's Party - PPC","Parti populaire - PPC",N,N,4
24033,"Lac-Saint-Jean","Lac-Saint-Jean"," 616","Saint-Félicien",N,N,"",7,0,"Brunelle-Duceppe","","Alexis","Bloc Québécois","Bloc Québécois",Y,Y,364
24033,"Lac-Saint-Jean","Lac-Saint-Jean"," 616","Saint-Félicien",N,N,"",7,0,"Lemieux","","Denis","Liberal","Libéral",N,N,357
24033,"Lac-Saint-Jean","Lac-Saint-Jean"," 617","Saint-Félicien",N,N,"",13,0,"Blackburn","","Dave","Conservative","Conservateur",N,N,188
24033,"Lac-Saint-Jean","Lac-Saint-Jean"," 617","Saint-Félicien",N,N,"",13,0,"Boily-Maltais","","Hugues","NDP-New Democratic Party","NPD-Nouveau Parti démocratique",N,N,10
24033,"Lac-Saint-Jean","Lac-Saint-Jean"," 617","Saint-Félicien",N,N,"",13,0,"Bouchard","","Lorie","People's Party - PPC","Parti populaire - PPC",N,N,4
24033,"Lac-Saint-Jean","Lac-Saint-Jean"," 617","Saint-Félicien",N,N,"",13,0,"Brunelle-Duceppe","","Alexis","Bloc Québécois","Bloc Québécois",Y,Y,358
24033,"Lac-Saint-Jean","Lac-Saint-Jean"," 617","Saint-Félicien",N,N,"",13,0,"Lemieux","","Denis","Liberal","Libéral",N,N,348
24033,"Lac-Saint-Jean","Lac-Saint-Jean"," 618","La Doré",N,N,"",3,0,"Blackburn","","Dave","Conservative","Conservateur",N,N,73
24033,"Lac-Saint-Jean","Lac-Saint-Jean"," 618","La Doré",N,N,"",3,0,"Boily-Maltais","","Hugues","NDP-New Democratic Party","NPD-Nouveau Parti démocratique",N,N,1
24033,"Lac-Saint-Jean","Lac-Saint-Jean"," 618","La Doré",N,N,"",3,0,"Bouchard","","Lorie","People's Party - PPC","Parti populaire - PPC",N,N,3
24033,"Lac-Saint-Jean","Lac-Saint-Jean"," 618","La Doré",N,N,"",3,0,"Brunelle-Duceppe","","Alexis","Bloc Québécois","Bloc Québécois",Y,Y,102
24033,"Lac-Saint-Jean","Lac-Saint-Jean"," 618","La Doré",N,N,"",3,0,"Lemieux","","Denis","Liberal","Libéral",N,N,82
24033,"Lac-Saint-Jean","Lac-Saint-Jean"," 619","Saint-Prime",N,N,"",5,0,"Blackburn","","Dave","Conservative","Conservateur",N,N,110
24033,"Lac-Saint-Jean","Lac-Saint-Jean"," 619","Saint-Prime",N,N,"",5,0,"Boily-Maltais","","Hugues","NDP-New Democratic Party","NPD-Nouveau Parti démocratique",N,N,6
24033,"Lac-Saint-Jean","Lac-Saint-Jean"," 619","Saint-Prime",N,N,"",5,0,"Bouchard","","Lorie","People's Party - PPC","Parti populaire - PPC",N,N,1
24033,"Lac-Saint-Jean","Lac-Saint-Jean"," 619","Saint-Prime",N,N,"",5,0,"Brunelle-Duceppe","","Alexis","Bloc Québécois","Bloc Québécois",Y,Y,228
24033,"Lac-Saint-Jean","Lac-Saint-Jean"," 619","Saint-Prime",N,N,"",5,0,"Lemieux","","Denis","Liberal","Libéral",N,N,131
24033,"Lac-Saint-Jean","Lac-Saint-Jean"," 620","Sainte-Hedwidge",N,N,"",3,0,"Blackburn","","Dave","Conservative","Conservateur",N,N,52
24033,"Lac-Saint-Jean","Lac-Saint-Jean"," 620","Sainte-Hedwidge",N,N,"",3,0,"Boily-Maltais","","Hugues","NDP-New Democratic Party","NPD-Nouveau Parti démocratique",N,N,0
24033,"Lac-Saint-Jean","Lac-Saint-Jean"," 620","Sainte-Hedwidge",N,N,"",3,0,"Bouchard","","Lorie","People's Party - PPC","Parti populaire - PPC",N,N,1
24033,"Lac-Saint-Jean","Lac-Saint-Jean"," 620","Sainte-Hedwidge",N,N,"",3,0,"Brunelle-Duceppe","","Alexis","Bloc Québécois","Bloc Québécois",Y,Y,72
24033,"Lac-Saint-Jean","Lac-Saint-Jean"," 620","Sainte-Hedwidge",N,N,"",3,0,"Lemieux","","Denis","Liberal","Libéral",N,N,61
24033,"Lac-Saint-Jean","Lac-Saint-Jean"," 621","Roberval",N,N,"",14,0,"Blackburn","","Dave","Conservative","Conservateur",N,N,290
24033,"Lac-Saint-Jean","Lac-Saint-Jean"," 621","Roberval",N,N,"",14,0,"Boily-Maltais","","Hugues","NDP-New Democratic Party","NPD-Nouveau Parti démocratique",N,N,19
24033,"Lac-Saint-Jean","Lac-Saint-Jean"," 621","Roberval",N,N,"",14,0,"Bouchard","","Lorie","People's Party - PPC","Parti populaire - PPC",N,N,5
24033,"Lac-Saint-Jean","Lac-Saint-Jean"," 621","Roberval",N,N,"",14,0,"Brunelle-Duceppe","","Alexis","Bloc Québécois","Bloc Québécois",Y,Y,704
24033,"Lac-Saint-Jean","Lac-Saint-Jean"," 621","Roberval",N,N,"",14,0,"Lemieux","","Denis","Liberal","Libéral",N,N,571
24033,"Lac-Saint-Jean","Lac-Saint-Jean"," 622","Hébertville",N,N,"",0,0,"Blackburn","","Dave","Conservative","Conservateur",N,N,79
24033,"Lac-Saint-Jean","Lac-Saint-Jean"," 622","Hébertville",N,N,"",0,0,"Boily-Maltais","","Hugues","NDP-New Democratic Party","NPD-Nouveau Parti démocratique",N,N,2
24033,"Lac-Saint-Jean","Lac-Saint-Jean"," 622","Hébertville",N,N,"",0,0,"Bouchard","","Lorie","People's Party - PPC","Parti populaire - PPC",N,N,1
24033,"Lac-Saint-Jean","Lac-Saint-Jean"," 622","Hébertville",N,N,"",0,0,"Brunelle-Duceppe","","Alexis","Bloc Québécois","Bloc Québécois",Y,Y,195
24033,"Lac-Saint-Jean","Lac-Saint-Jean"," 622","Hébertville",N,N,"",0,0,"Lemieux","","Denis","Liberal","Libéral",N,N,133
24033,"Lac-Saint-Jean","Lac-Saint-Jean"," 623","Métabetchouan--Lac-à-la-Croix",N,N,"",8,0,"Blackburn","","Dave","Conservative","Conservateur",N,N,109
24033,"Lac-Saint-Jean","Lac-Saint-Jean"," 623","Métabetchouan--Lac-à-la-Croix",N,N,"",8,0,"Boily-Maltais","","Hugues","NDP-New Democratic Party","NPD-Nouveau Parti démocratique",N,N,9
24033,"Lac-Saint-Jean","Lac-Saint-Jean"," 623","Métabetchouan--Lac-à-la-Croix",N,N,"",8,0,"Bouchard","","Lorie","People's Party - PPC","Parti populaire - PPC",N,N,3
24033,"Lac-Saint-Jean","Lac-Saint-Jean"," 623","Métabetchouan--Lac-à-la-Croix",N,N,"",8,0,"Brunelle-Duceppe","","Alexis","Bloc Québécois","Bloc Québécois",Y,Y,300
24033,"Lac-Saint-Jean","Lac-Saint-Jean"," 623","Métabetchouan--Lac-à-la-Croix",N,N,"",8,0,"Lemieux","","Denis","Liberal","Libéral",N,N,171
24033,"Lac-Saint-Jean","Lac-Saint-Jean"," S/R 1","SVR Group 1/RÉS Groupe 1",N,N,"",19,67,"Blackburn","","Dave","Conservative","Conservateur",N,N,75
24033,"Lac-Saint-Jean","Lac-Saint-Jean"," S/R 1","SVR Group 1/RÉS Groupe 1",N,N,"",19,67,"Boily-Maltais","","Hugues","NDP-New Democratic Party","NPD-Nouveau Parti démocratique",N,N,12
24033,"Lac-Saint-Jean","Lac-Saint-Jean"," S/R 1","SVR Group 1/RÉS Groupe 1",N,N,"",19,67,"Bouchard","","Lorie","People's Party - PPC","Parti populaire - PPC",N,N,2
24033,"Lac-Saint-Jean","Lac-Saint-Jean"," S/R 1","SVR Group 1/RÉS Groupe 1",N,N,"",19,67,"Brunelle-Duceppe","","Alexis","Bloc Québécois","Bloc Québécois",Y,Y,114
24033,"Lac-Saint-Jean","Lac-Saint-Jean"," S/R 1","SVR Group 1/RÉS Groupe 1",N,N,"",19,67,"Lemieux","","Denis","Liberal","Libéral",N,N,102
24033,"Lac-Saint-Jean","Lac-Saint-Jean"," S/R 2","SVR Group 2/RÉS Groupe 2",N,N,"",32,0,"Blackburn","","Dave","Conservative","Conservateur",N,N,295
24033,"Lac-Saint-Jean","Lac-Saint-Jean"," S/R 2","SVR Group 2/RÉS Groupe 2",N,N,"",32,0,"Boily-Maltais","","Hugues","NDP-New Democratic Party","NPD-Nouveau Parti démocratique",N,N,19
24033,"Lac-Saint-Jean","Lac-Saint-Jean"," S/R 2","SVR Group 2/RÉS Groupe 2",N,N,"",32,0,"Bouchard","","Lorie","People's Party - PPC","Parti populaire - PPC",N,N,22
24033,"Lac-Saint-Jean","Lac-Saint-Jean"," S/R 2","SVR Group 2/RÉS Groupe 2",N,N,"",32,0,"Brunelle-Duceppe","","Alexis","Bloc Québécois","Bloc Québécois",Y,Y,846
24033,"Lac-Saint-Jean","Lac-Saint-Jean"," S/R 2","SVR Group 2/RÉS Groupe 2",N,N,"",32,0,"Lemieux","","Denis","Liberal","Libéral",N,N,693
